entries are in the following order:
dS
omega
body_mass
brain_mass
GI

covariances

  0.895	 -0.161	  -1.33	  -1.33	  -0.17	
 -0.161	  0.106	   0.74	   0.61	 0.0915	
  -1.33	   0.74	   9.92	    6.8	  0.864	
  -1.33	   0.61	    6.8	   5.65	  0.776	
  -0.17	 0.0915	  0.864	  0.776	   0.16	

correlation coefficients

      1	 -0.553	 -0.465	 -0.613	 -0.468	
 -0.553	      1	  0.781	  0.853	  0.765	
 -0.465	  0.781	      1	  0.906	  0.679	
 -0.613	  0.853	  0.906	      1	  0.812	
 -0.468	  0.765	  0.679	  0.812	      1	

posterior probs

  -	0.05	0.039	0.0069	0.026	
0.05	  -	0.98	0.99	0.99	
0.039	0.98	  -	  1	  1	
0.0069	0.99	  1	  -	  1	
0.026	0.99	  1	  1	  -	

precisions

   21.9	   17.8	  -0.71	   3.56	  -4.22	
   17.8	    962	  -12.1	  -43.4	  -94.9	
  -0.71	  -12.1	   1.93	   -1.5	   2.32	
   3.56	  -43.4	   -1.5	   8.75	  -4.27	
  -4.22	  -94.9	   2.32	  -4.27	   68.2	

partial correlation coefficients

     -1	 -0.139	  0.258	 -0.315	  0.175	
 -0.139	     -1	  0.211	  0.415	  0.343	
  0.258	  0.211	     -1	  0.517	 -0.243	
 -0.315	  0.415	  0.517	     -1	  0.301	
  0.175	  0.343	 -0.243	  0.301	     -1	

posterior probs

  -	0.39	0.78	0.2	0.7	
0.39	  -	0.67	0.84	0.77	
0.78	0.67	  -	0.9	0.2	
0.2	0.84	0.9	  -	0.79	
0.7	0.77	0.2	0.79	  -	

