entries are in the following order:
dS
omega
body_mass
brain_mass
GI

covariances

  0.919	 -0.169	  -1.33	  -1.34	 -0.173	
 -0.169	  0.111	   0.75	  0.621	 0.0938	
  -1.33	   0.75	   9.82	   6.74	  0.857	
  -1.34	  0.621	   6.74	    5.6	  0.769	
 -0.173	 0.0938	  0.857	  0.769	  0.159	

correlation coefficients

      1	 -0.554	 -0.465	 -0.615	 -0.472	
 -0.554	      1	  0.768	  0.842	   0.76	
 -0.465	  0.768	      1	  0.906	  0.679	
 -0.615	  0.842	  0.906	      1	  0.811	
 -0.472	   0.76	  0.679	  0.811	      1	

posterior probs

  -	0.049	0.036	0.0069	0.022	
0.049	  -	0.97	0.98	0.98	
0.036	0.97	  -	  1	  1	
0.0069	0.98	  1	  -	  1	
0.022	0.98	  1	  1	  -	

precisions

   20.2	   17.1	 -0.916	   3.62	  -3.82	
   17.1	    910	  -10.6	  -43.8	  -93.3	
 -0.916	  -10.6	   1.84	  -1.55	   2.18	
   3.62	  -43.8	  -1.55	   9.14	  -4.34	
  -3.82	  -93.3	   2.18	  -4.34	   70.1	

partial correlation coefficients

     -1	 -0.145	  0.265	 -0.317	  0.169	
 -0.145	     -1	  0.196	  0.414	  0.344	
  0.265	  0.196	     -1	  0.523	 -0.237	
 -0.317	  0.414	  0.523	     -1	  0.297	
  0.169	  0.344	 -0.237	  0.297	     -1	

posterior probs

  -	0.38	0.78	0.2	0.69	
0.38	  -	0.66	0.83	0.77	
0.78	0.66	  -	0.9	0.21	
0.2	0.83	0.9	  -	0.79	
0.69	0.77	0.21	0.79	  -	

