entries are in the following order:
dS
omega
body_mass
brain_mass
GI

covariances

   2.28	  -0.18	  -2.04	  -1.86	 -0.234	
  -0.18	   0.19	  0.678	   0.59	  0.107	
  -2.04	  0.678	   8.59	   5.92	   0.76	
  -1.86	   0.59	   5.92	    4.9	  0.684	
 -0.234	  0.107	   0.76	  0.684	  0.142	

correlation coefficients

      1	 -0.289	 -0.461	 -0.557	  -0.41	
 -0.289	      1	  0.597	  0.682	  0.721	
 -0.461	  0.597	      1	   0.91	  0.683	
 -0.557	  0.682	   0.91	      1	  0.817	
  -0.41	  0.721	  0.683	  0.817	      1	

posterior probs

  -	0.22	0.022	0.0066	0.035	
0.22	  -	0.92	0.95	0.98	
0.022	0.92	  -	  1	  1	
0.0066	0.95	  1	  -	  1	
0.035	0.98	  1	  1	  -	

precisions

   1.92	  -2.72	 -0.196	   1.06	  0.174	
  -2.72	    338	  -3.69	  -21.6	    -98	
 -0.196	  -3.69	   1.49	  -1.61	   1.77	
   1.06	  -21.6	  -1.61	   6.51	  -4.65	
  0.174	    -98	   1.77	  -4.65	    102	

partial correlation coefficients

     -1	   0.16	   0.14	 -0.329	 0.0364	
   0.16	     -1	 0.0468	  0.299	  0.481	
   0.14	 0.0468	     -1	  0.644	 -0.199	
 -0.329	  0.299	  0.644	     -1	   0.33	
 0.0364	  0.481	 -0.199	   0.33	     -1	

posterior probs

  -	0.63	0.68	0.16	0.56	
0.63	  -	0.52	0.76	0.87	
0.68	0.52	  -	0.95	0.24	
0.16	0.76	0.95	  -	0.83	
0.56	0.87	0.24	0.83	  -	

