entries are in the following order:
dS
omega
body_mass
brain_mass
GI

covariances

   2.24	 -0.145	  -1.98	  -1.82	 -0.231	
 -0.145	  0.193	  0.615	  0.545	  0.102	
  -1.98	  0.615	   8.51	   5.87	  0.755	
  -1.82	  0.545	   5.87	   4.87	  0.683	
 -0.231	  0.102	  0.755	  0.683	  0.142	

correlation coefficients

      1	 -0.242	 -0.453	 -0.551	  -0.41	
 -0.242	      1	  0.553	  0.638	   0.69	
 -0.453	  0.553	      1	  0.909	  0.681	
 -0.551	  0.638	  0.909	      1	  0.817	
  -0.41	   0.69	  0.681	  0.817	      1	

posterior probs

  -	0.26	0.024	0.0061	0.028	
0.26	  -	0.9	0.93	0.98	
0.024	0.9	  -	  1	  1	
0.0061	0.93	  1	  -	  1	
0.028	0.98	  1	  1	  -	

precisions

   2.12	  -3.31	 -0.199	   1.09	  0.502	
  -3.31	    322	  -3.88	  -17.7	  -85.9	
 -0.199	  -3.88	   1.52	   -1.6	   1.64	
   1.09	  -17.7	   -1.6	   5.87	  -5.01	
  0.502	  -85.9	   1.64	  -5.01	   91.1	

partial correlation coefficients

     -1	  0.192	  0.143	 -0.332	 0.0162	
  0.192	     -1	 0.0347	  0.273	  0.474	
  0.143	 0.0347	     -1	  0.656	 -0.196	
 -0.332	  0.273	  0.656	     -1	  0.354	
 0.0162	  0.474	 -0.196	  0.354	     -1	

posterior probs

  -	0.66	0.68	0.15	0.53	
0.66	  -	0.51	0.75	0.87	
0.68	0.51	  -	0.95	0.24	
0.15	0.75	0.95	  -	0.85	
0.53	0.87	0.24	0.85	  -	

