entries are in the following order:
dS
omega
body_mass
brain_mass
GI

covariances

   2.22	 -0.152	  -1.99	  -1.82	  -0.23	
 -0.152	  0.202	  0.632	  0.556	  0.103	
  -1.99	  0.632	   8.57	    5.9	  0.757	
  -1.82	  0.556	    5.9	   4.89	  0.684	
  -0.23	  0.103	  0.757	  0.684	  0.142	

correlation coefficients

      1	 -0.251	 -0.456	 -0.553	  -0.41	
 -0.251	      1	  0.557	   0.64	  0.691	
 -0.456	  0.557	      1	  0.908	  0.681	
 -0.553	   0.64	  0.908	      1	  0.816	
  -0.41	  0.691	  0.681	  0.816	      1	

posterior probs

  -	0.25	0.023	0.0066	0.028	
0.25	  -	0.9	0.94	0.98	
0.023	0.9	  -	  1	  1	
0.0066	0.94	  1	  -	  1	
0.028	0.98	  1	  1	  -	

precisions

   2.15	  -3.31	 -0.191	   1.15	  0.384	
  -3.31	    317	  -3.85	  -17.4	  -86.8	
 -0.191	  -3.85	    1.5	  -1.57	   1.77	
   1.15	  -17.4	  -1.57	   5.91	  -5.06	
  0.384	  -86.8	   1.77	  -5.06	   91.3	

partial correlation coefficients

     -1	  0.182	  0.139	 -0.336	 0.0217	
  0.182	     -1	 0.0433	  0.267	  0.474	
  0.139	 0.0433	     -1	  0.658	 -0.202	
 -0.336	  0.267	  0.658	     -1	  0.357	
 0.0217	  0.474	 -0.202	  0.357	     -1	

posterior probs

  -	0.65	0.68	0.14	0.53	
0.65	  -	0.52	0.74	0.87	
0.68	0.52	  -	0.96	0.24	
0.14	0.74	0.96	  -	0.85	
0.53	0.87	0.24	0.85	  -	

