entries are in the following order:
dS
omega
body_mass
brain_mass
GI

covariances

   2.24	 -0.156	     -2	  -1.83	 -0.231	
 -0.156	  0.199	   0.64	  0.564	  0.105	
     -2	   0.64	   8.58	   5.91	   0.76	
  -1.83	  0.564	   5.91	    4.9	  0.687	
 -0.231	  0.105	   0.76	  0.687	  0.142	

correlation coefficients

      1	 -0.254	 -0.457	 -0.553	  -0.41	
 -0.254	      1	  0.561	  0.645	  0.697	
 -0.457	  0.561	      1	  0.909	  0.681	
 -0.553	  0.645	  0.909	      1	  0.817	
  -0.41	  0.697	  0.681	  0.817	      1	

posterior probs

  -	0.25	0.02	0.0064	0.028	
0.25	  -	0.91	0.94	0.98	
0.02	0.91	  -	  1	  1	
0.0064	0.94	  1	  -	  1	
0.028	0.98	  1	  1	  -	

precisions

   2.14	   -3.4	 -0.193	   1.13	  0.454	
   -3.4	    316	  -3.88	  -17.8	  -89.3	
 -0.193	  -3.88	   1.52	  -1.58	   1.65	
   1.13	  -17.8	  -1.58	   5.91	  -4.89	
  0.454	  -89.3	   1.65	  -4.89	   93.9	

partial correlation coefficients

     -1	  0.182	  0.142	 -0.338	 0.0234	
  0.182	     -1	 0.0356	  0.269	   0.48	
  0.142	 0.0356	     -1	   0.66	 -0.197	
 -0.338	  0.269	   0.66	     -1	  0.353	
 0.0234	   0.48	 -0.197	  0.353	     -1	

posterior probs

  -	0.65	0.68	0.14	0.54	
0.65	  -	0.51	0.74	0.87	
0.68	0.51	  -	0.95	0.24	
0.14	0.74	0.95	  -	0.84	
0.54	0.87	0.24	0.84	  -	

