entries are in the following order:
dS
omega
brain_mass

covariances

   0.91	 -0.212	  -1.23	
 -0.212	  0.144	  0.677	
  -1.23	  0.677	   5.76	

correlation coefficients

      1	 -0.599	 -0.554	
 -0.599	      1	  0.789	
 -0.554	  0.789	      1	

posterior probs

  -	0.07	0.015	
0.07	  -	0.97	
0.015	0.97	  -	

precisions

   24.2	   42.1	 -0.124	
   42.1	    676	  -57.1	
 -0.124	  -57.1	    8.8	

partial correlation coefficients

     -1	 -0.309	 0.0115	
 -0.309	     -1	  0.744	
 0.0115	  0.744	     -1	

posterior probs

  -	0.31	0.5	
0.31	  -	0.94	
0.5	0.94	  -	

