entries are in the following order:
dS
omega
brain_mass

covariances

   2.02	-0.0366	  -1.65	
-0.0366	  0.291	  0.531	
  -1.65	  0.531	   5.01	

correlation coefficients

      1	-0.0308	 -0.524	
-0.0308	      1	  0.499	
 -0.524	  0.499	      1	

posterior probs

  -	0.48	0.011	
0.48	  -	0.89	
0.011	0.89	  -	

precisions

   8.19	  -9.18	   2.76	
  -9.18	    170	  -24.3	
   2.76	  -24.3	   4.96	

partial correlation coefficients

     -1	  0.334	 -0.516	
  0.334	     -1	  0.667	
 -0.516	  0.667	     -1	

posterior probs

  -	0.74	0.12	
0.74	  -	0.96	
0.12	0.96	  -	

