p:   0.22544  0.22544  0.22544  0.22544  0.09825
w:   0.00000  0.00152  0.03086  0.25690  1.05178