p:   0.22951  0.22951  0.22951  0.22951  0.08195
w:   0.00069  0.01609  0.07548  0.26196  1.12905