entries are in the following order:
dS
omega
body_mass
brain_mass
GI

covariances

   14.5	  -1.72	  -2.34	  -3.26	 -0.657	
  -1.72	  0.502	  0.151	  0.306	 0.0714	
  -2.34	  0.151	   11.3	   7.75	   1.06	
  -3.26	  0.306	   7.75	   6.42	  0.931	
 -0.657	 0.0714	   1.06	  0.931	  0.189	

correlation coefficients

      1	 -0.581	 -0.185	 -0.337	 -0.397	
 -0.581	      1	  0.115	  0.211	  0.264	
 -0.185	  0.115	      1	  0.907	  0.717	
 -0.337	  0.211	  0.907	      1	   0.84	
 -0.397	  0.264	  0.717	   0.84	      1	

posterior probs

  -	0.14	0.25	0.098	0.067	
0.14	  -	0.6	0.69	0.75	
0.25	0.6	  -	  1	  1	
0.098	0.69	  1	  -	  1	
0.067	0.75	  1	  1	  -	

precisions

   3.47	   17.9	-0.0882	  0.279	  0.328	
   17.9	1.05e+03	  -0.37	  -2.79	  -13.7	
-0.0882	  -0.37	   1.15	   -1.3	   0.49	
  0.279	  -2.79	   -1.3	   3.14	  -5.05	
  0.328	  -13.7	   0.49	  -5.05	   37.2	

partial correlation coefficients

     -1	 -0.582	  0.132	 -0.148	-0.0603	
 -0.582	     -1	-0.00393	-0.00684	 0.0609	
  0.132	-0.00393	     -1	  0.716	-0.0931	
 -0.148	-0.00684	  0.716	     -1	  0.502	
-0.0603	 0.0609	-0.0931	  0.502	     -1	

posterior probs

  -	0.15	0.65	0.33	0.42	
0.15	  -	0.49	0.48	0.55	
0.65	0.49	  -	0.99	0.34	
0.33	0.48	0.99	  -	0.97	
0.42	0.55	0.34	0.97	  -	

