entries are in the following order:
dS
omega
body_mass
brain_mass
GI

covariances

  0.979	 0.0227	 -0.606	 -0.775	 -0.117	
 0.0227	 0.0233	 -0.155	 -0.131	-0.0201	
 -0.606	 -0.155	   9.19	   6.36	  0.844	
 -0.775	 -0.131	   6.36	   5.34	  0.757	
 -0.117	-0.0201	  0.844	  0.757	  0.154	

correlation coefficients

      1	   0.13	 -0.205	 -0.347	 -0.308	
   0.13	      1	 -0.289	 -0.319	 -0.292	
 -0.205	 -0.289	      1	  0.905	  0.702	
 -0.347	 -0.319	  0.905	      1	  0.829	
 -0.308	 -0.292	  0.702	  0.829	      1	

posterior probs

  -	0.63	0.22	0.096	0.11	
0.63	  -	0.32	0.3	0.3	
0.22	0.32	  -	  1	  1	
0.096	0.3	  1	  -	  1	
0.11	0.3	  1	  1	  -	

precisions

   6.71	  -6.83	 -0.588	    1.1	 -0.382	
  -6.83	2.07e+03	   5.33	   14.9	   35.2	
 -0.588	   5.33	   1.62	  -1.56	   1.12	
    1.1	   14.9	  -1.56	   4.66	  -5.98	
 -0.382	   35.2	   1.12	  -5.98	   48.4	

partial correlation coefficients

     -1	 0.0602	  0.222	 -0.252	 0.0343	
 0.0602	     -1	-0.0698	 -0.139	 -0.104	
  0.222	-0.0698	     -1	  0.645	 -0.154	
 -0.252	 -0.139	  0.645	     -1	  0.467	
 0.0343	 -0.104	 -0.154	  0.467	     -1	

posterior probs

  -	0.55	0.75	0.22	0.54	
0.55	  -	0.45	0.38	0.42	
0.75	0.45	  -	0.96	0.27	
0.22	0.38	0.96	  -	0.93	
0.54	0.42	0.27	0.93	  -	

