entries are in the following order:
dS
omega
body_mass
brain_mass
GI

covariances

  0.718	  0.178	  -2.19	   -1.8	 -0.269	
  0.178	  0.253	 -0.657	 -0.523	-0.0768	
  -2.19	 -0.657	   9.96	    6.9	  0.944	
   -1.8	 -0.523	    6.9	   5.69	  0.824	
 -0.269	-0.0768	  0.944	  0.824	  0.165	

correlation coefficients

      1	   0.32	 -0.841	 -0.918	 -0.804	
   0.32	      1	 -0.321	 -0.336	 -0.284	
 -0.841	 -0.321	      1	  0.914	  0.729	
 -0.918	 -0.336	  0.914	      1	  0.845	
 -0.804	 -0.284	  0.729	  0.845	      1	

posterior probs

  -	0.68	0.0012	0.00039	0.0015	
0.68	  -	0.32	0.32	0.32	
0.0012	0.32	  -	  1	  1	
0.00039	0.32	  1	  -	  1	
0.0015	0.32	  1	  1	  -	

precisions

    310	    -75	   4.35	   59.8	   31.5	
    -75	1.89e+03	   6.49	   32.2	   10.6	
   4.35	   6.49	   3.42	   -1.4	   1.66	
   59.8	   32.2	   -1.4	   34.3	  -1.69	
   31.5	   10.6	   1.66	  -1.69	    104	

partial correlation coefficients

     -1	  0.103	-0.0587	  -0.51	 -0.145	
  0.103	     -1	-0.0873	 -0.129	-0.0234	
-0.0587	-0.0873	     -1	  0.307	 -0.128	
  -0.51	 -0.129	  0.307	     -1	  0.167	
 -0.145	-0.0234	 -0.128	  0.167	     -1	

posterior probs

  -	0.58	0.46	0.11	0.38	
0.58	  -	0.43	0.39	0.48	
0.46	0.43	  -	0.76	0.34	
0.11	0.39	0.76	  -	0.66	
0.38	0.48	0.34	0.66	  -	

