entries are in the following order:
dS
omega
body_mass
brain_mass
GI

covariances

  0.725	-0.0119	 -0.498	 -0.682	-0.0542	
-0.0119	 0.0153	 0.0801	 0.0699	 0.0121	
 -0.498	 0.0801	   10.1	   6.77	   0.83	
 -0.682	 0.0699	   6.77	   5.55	   0.75	
-0.0542	 0.0121	   0.83	   0.75	  0.156	

correlation coefficients

      1	-0.0841	 -0.201	 -0.357	 -0.176	
-0.0841	      1	  0.169	  0.201	  0.211	
 -0.201	  0.169	      1	  0.903	  0.655	
 -0.357	  0.201	  0.903	      1	  0.801	
 -0.176	  0.211	  0.655	  0.801	      1	

posterior probs

  -	0.42	0.27	0.12	0.27	
0.42	  -	0.61	0.62	0.64	
0.27	0.61	  -	  1	  1	
0.12	0.62	  1	  -	  1	
0.27	0.64	  1	  1	  -	

precisions

   8.53	0.00514	  -1.02	   2.95	  -4.81	
0.00514	2.35e+03	  -1.34	  -11.3	    -48	
  -1.02	  -1.34	   1.67	  -2.02	   2.21	
   2.95	  -11.3	  -2.02	   5.76	  -8.75	
  -4.81	    -48	   2.21	  -8.75	   53.9	

partial correlation coefficients

     -1	0.00176	  0.317	  -0.43	  0.264	
0.00176	     -1	0.00623	 0.0866	  0.134	
  0.317	0.00623	     -1	  0.696	 -0.268	
  -0.43	 0.0866	  0.696	     -1	  0.547	
  0.264	  0.134	 -0.268	  0.547	     -1	

posterior probs

  -	0.5	0.82	0.1	0.79	
0.5	  -	0.5	0.58	0.61	
0.82	0.5	  -	0.98	0.18	
0.1	0.58	0.98	  -	0.95	
0.79	0.61	0.18	0.95	  -	

