entries are in the following order:
dS
omega
body_mass
brain_mass
GI

covariances

   1.23	 0.0204	  -1.11	  -1.16	 -0.119	
 0.0204	 0.0527	 -0.265	 -0.201	-0.0341	
  -1.11	 -0.265	   9.67	   6.48	  0.844	
  -1.16	 -0.201	   6.48	   5.29	  0.752	
 -0.119	-0.0341	  0.844	  0.752	   0.16	

correlation coefficients

      1	  0.125	  -0.32	 -0.458	  -0.27	
  0.125	      1	  -0.46	 -0.475	 -0.454	
  -0.32	  -0.46	      1	  0.904	  0.671	
 -0.458	 -0.475	  0.904	      1	  0.812	
  -0.27	 -0.454	  0.671	  0.812	      1	

posterior probs

  -	0.65	0.085	0.02	0.12	
0.65	  -	0.19	0.19	0.17	
0.085	0.19	  -	  1	  1	
0.02	0.19	  1	  -	  1	
0.12	0.17	  1	  1	  -	

precisions

   3.49	   3.68	 -0.549	   1.69	  -2.45	
   3.68	1.62e+03	   10.8	   15.9	   69.6	
 -0.549	   10.8	   1.69	  -1.81	   2.32	
   1.69	   15.9	  -1.81	   5.26	  -7.75	
  -2.45	   69.6	   2.32	  -7.75	   54.9	

partial correlation coefficients

     -1	-0.0577	  0.246	 -0.409	  0.219	
-0.0577	     -1	 -0.184	 -0.121	 -0.222	
  0.246	 -0.184	     -1	  0.676	 -0.272	
 -0.409	 -0.121	  0.676	     -1	  0.531	
  0.219	 -0.222	 -0.272	  0.531	     -1	

posterior probs

  -	0.45	0.77	0.1	0.76	
0.45	  -	0.34	0.4	0.32	
0.77	0.34	  -	0.97	0.17	
0.1	0.4	0.97	  -	0.94	
0.76	0.32	0.17	0.94	  -	

