entries are in the following order:
dS
omega
body_mass
brain_mass
GI

covariances

  0.969	 0.0173	  -2.52	  -1.69	 -0.143	
 0.0173	 0.0225	  -0.11	-0.0888	-0.0128	
  -2.52	  -0.11	   11.8	   7.81	  0.925	
  -1.69	-0.0888	   7.81	   6.22	  0.797	
 -0.143	-0.0128	  0.925	  0.797	  0.158	

correlation coefficients

      1	  0.125	 -0.745	 -0.693	 -0.369	
  0.125	      1	 -0.189	 -0.212	 -0.193	
 -0.745	 -0.189	      1	  0.907	  0.667	
 -0.693	 -0.212	  0.907	      1	  0.798	
 -0.369	 -0.193	  0.667	  0.798	      1	

posterior probs

  -	0.59	0.0035	0.005	0.081	
0.59	  -	0.38	0.37	0.36	
0.0035	0.38	  -	  1	  1	
0.005	0.37	  1	  -	  1	
0.081	0.36	  1	  1	  -	

precisions

   33.4	  -5.34	   4.45	    4.2	  -13.6	
  -5.34	2.25e+03	   1.96	   11.7	   27.5	
   4.45	   1.96	   2.44	 -0.843	   -1.5	
    4.2	   11.7	 -0.843	   4.92	  -9.29	
  -13.6	   27.5	   -1.5	  -9.29	   68.2	

partial correlation coefficients

     -1	 0.0134	 -0.299	  -0.29	  0.341	
 0.0134	     -1	-0.0218	 -0.111	-0.0648	
 -0.299	-0.0218	     -1	  0.414	 0.0308	
  -0.29	 -0.111	  0.414	     -1	  0.529	
  0.341	-0.0648	 0.0308	  0.529	     -1	

posterior probs

  -	0.51	0.22	0.22	0.82	
0.51	  -	0.48	0.4	0.44	
0.22	0.48	  -	0.87	0.51	
0.22	0.4	0.87	  -	0.94	
0.82	0.44	0.51	0.94	  -	

