entries are in the following order:
dS
omega
body_mass
brain_mass
GI

covariances

  0.725	-0.0124	 -0.503	 -0.689	-0.0559	
-0.0124	 0.0155	  0.092	  0.079	 0.0133	
 -0.503	  0.092	   10.1	   6.79	  0.832	
 -0.689	  0.079	   6.79	   5.57	  0.752	
-0.0559	 0.0133	  0.832	  0.752	  0.157	

correlation coefficients

      1	-0.0916	 -0.202	 -0.359	  -0.18	
-0.0916	      1	  0.196	  0.228	  0.234	
 -0.202	  0.196	      1	  0.903	  0.655	
 -0.359	  0.228	  0.903	      1	  0.801	
  -0.18	  0.234	  0.655	  0.801	      1	

posterior probs

  -	0.41	0.27	0.12	0.26	
0.41	  -	0.63	0.64	0.66	
0.27	0.63	  -	  1	  1	
0.12	0.64	  1	  -	  1	
0.26	0.66	  1	  1	  -	

precisions

    7.6	   -1.7	  -1.01	   2.78	  -4.69	
   -1.7	2.29e+03	  -1.85	  -12.6	  -50.2	
  -1.01	  -1.85	   1.71	  -2.03	   2.24	
   2.78	  -12.6	  -2.03	   5.72	  -8.72	
  -4.69	  -50.2	   2.24	  -8.72	     54	

partial correlation coefficients

     -1	  0.005	  0.311	 -0.429	  0.259	
  0.005	     -1	  0.018	 0.0953	   0.14	
  0.311	  0.018	     -1	  0.694	 -0.267	
 -0.429	 0.0953	  0.694	     -1	  0.545	
  0.259	   0.14	 -0.267	  0.545	     -1	

posterior probs

  -	0.5	0.82	0.1	0.78	
0.5	  -	0.51	0.59	0.61	
0.82	0.51	  -	0.98	0.18	
0.1	0.59	0.98	  -	0.95	
0.78	0.61	0.18	0.95	  -	

