entries are in the following order:
dS
omega
body_mass
brain_mass
GI

covariances

 0.0614	 -0.133	 -0.434	 -0.369	-0.0611	
 -0.133	  0.491	   1.63	   1.28	   0.21	
 -0.434	   1.63	   7.83	   5.17	  0.672	
 -0.369	   1.28	   5.17	   4.29	  0.617	
-0.0611	   0.21	  0.672	  0.617	  0.133	

correlation coefficients

      1	 -0.813	 -0.691	 -0.789	 -0.746	
 -0.813	      1	  0.843	  0.903	  0.845	
 -0.691	  0.843	      1	   0.89	  0.653	
 -0.789	  0.903	   0.89	      1	  0.814	
 -0.746	  0.845	  0.653	  0.814	      1	

posterior probs

  -	0.028	0.047	0.029	0.026	
0.028	  -	  1	  1	  1	
0.047	  1	  -	  1	  1	
0.029	  1	  1	  -	  1	
0.026	  1	  1	  1	  -	

precisions

1.65e+03	    175	   6.35	   40.6	    130	
    175	    291	    -19	  -25.9	   -132	
   6.35	    -19	   5.61	 -0.931	   6.62	
   40.6	  -25.9	 -0.931	   14.2	  0.569	
    130	   -132	   6.62	  0.569	    261	

partial correlation coefficients

     -1	 -0.251	 0.0144	 -0.272	 -0.161	
 -0.251	     -1	  0.387	  0.244	  0.434	
 0.0144	  0.387	     -1	  0.299	 -0.278	
 -0.272	  0.244	  0.299	     -1	  0.112	
 -0.161	  0.434	 -0.278	  0.112	     -1	

posterior probs

  -	0.28	0.51	0.27	0.37	
0.28	  -	0.81	0.7	0.84	
0.51	0.81	  -	0.76	0.22	
0.27	0.7	0.76	  -	0.61	
0.37	0.84	0.22	0.61	  -	

