entries are in the following order:
dS
omega
body_mass
brain_mass
GI

covariances

   0.42	-0.0136	  -1.08	  -1.08	 -0.155	
-0.0136	 0.0196	  0.101	 0.0703	 0.0108	
  -1.08	  0.101	   9.78	   6.45	  0.856	
  -1.08	 0.0703	   6.45	   5.33	   0.75	
 -0.155	 0.0108	  0.856	   0.75	  0.159	

correlation coefficients

      1	 -0.107	 -0.559	 -0.751	 -0.623	
 -0.107	      1	  0.202	  0.189	   0.17	
 -0.559	  0.202	      1	  0.891	   0.68	
 -0.751	  0.189	  0.891	      1	  0.809	
 -0.623	   0.17	   0.68	  0.809	      1	

posterior probs

  -	0.42	0.026	0.0021	0.0069	
0.42	  -	0.63	0.62	0.62	
0.026	0.63	  -	  1	  1	
0.0021	0.62	  1	  -	  1	
0.0069	0.62	  1	  1	  -	

precisions

   73.2	  -15.9	  -2.43	   15.5	  0.999	
  -15.9	2.28e+03	  -7.31	    -11	  -24.2	
  -2.43	  -7.31	   1.98	  -2.49	   1.05	
   15.5	    -11	  -2.49	   9.18	  -6.24	
  0.999	  -24.2	   1.05	  -6.24	     47	

partial correlation coefficients

     -1	 0.0546	  0.283	  -0.54	 0.0243	
 0.0546	     -1	  0.105	 0.0636	 0.0669	
  0.283	  0.105	     -1	  0.625	 -0.122	
  -0.54	 0.0636	  0.625	     -1	   0.37	
 0.0243	 0.0669	 -0.122	   0.37	     -1	

posterior probs

  -	0.54	0.76	0.066	0.53	
0.54	  -	0.59	0.56	0.55	
0.76	0.59	  -	0.95	0.33	
0.066	0.56	0.95	  -	0.87	
0.53	0.55	0.33	0.87	  -	

