entries are in the following order:
dS
omega
body_mass
brain_mass
GI

covariances

  0.176	 -0.022	 -0.804	 -0.695	 -0.101	
 -0.022	 0.0313	 0.0954	 0.0815	 0.0113	
 -0.804	 0.0954	   10.2	   6.72	  0.882	
 -0.695	 0.0815	   6.72	   5.55	  0.778	
 -0.101	 0.0113	  0.882	  0.778	  0.164	

correlation coefficients

      1	 -0.166	 -0.671	 -0.781	 -0.675	
 -0.166	      1	  0.121	  0.142	  0.116	
 -0.671	  0.121	      1	  0.892	  0.675	
 -0.781	  0.142	  0.892	      1	  0.809	
 -0.675	  0.116	  0.675	  0.809	      1	

posterior probs

  -	0.4	0.043	0.019	0.021	
0.4	  -	0.58	0.58	0.58	
0.043	0.58	  -	  1	  1	
0.019	0.58	  1	  -	  1	
0.021	0.58	  1	  1	  -	

precisions

    549	   39.9	   3.16	   34.2	   35.7	
   39.9	2.17e+03	 -0.579	  -9.34	  -2.23	
   3.16	 -0.579	   1.81	  -1.36	  0.593	
   34.2	  -9.34	  -1.36	   9.43	  -4.52	
   35.7	  -2.23	  0.593	  -4.52	     65	

partial correlation coefficients

     -1	-0.0889	 0.0166	 -0.441	 -0.108	
-0.0889	     -1	-0.000819	 0.0573	-0.0049	
 0.0166	-0.000819	     -1	  0.453	-0.0963	
 -0.441	 0.0573	  0.453	     -1	  0.292	
 -0.108	-0.0049	-0.0963	  0.292	     -1	

posterior probs

  -	0.43	0.52	0.14	0.41	
0.43	  -	0.5	0.55	0.49	
0.52	0.5	  -	0.86	0.37	
0.14	0.55	0.86	  -	0.78	
0.41	0.49	0.37	0.78	  -	

