entries are in the following order:
dS
omega
body_mass
brain_mass
GI

covariances

   1.52	-0.0867	  -2.52	  -2.13	 -0.271	
-0.0867	 0.0363	  0.211	  0.183	 0.0281	
  -2.52	  0.211	   10.2	    7.1	  0.915	
  -2.13	  0.183	    7.1	   5.96	  0.831	
 -0.271	 0.0281	  0.915	  0.831	  0.165	

correlation coefficients

      1	 -0.341	 -0.647	 -0.716	 -0.548	
 -0.341	      1	  0.359	  0.402	  0.371	
 -0.647	  0.359	      1	  0.907	  0.699	
 -0.716	  0.402	  0.907	      1	  0.833	
 -0.548	  0.371	  0.699	  0.833	      1	

posterior probs

  -	0.26	0.0021	0.00057	0.0072	
0.26	  -	0.73	0.74	0.76	
0.0021	0.73	  -	  1	  1	
0.00057	0.74	  1	  -	  1	
0.0072	0.76	  1	  1	  -	

precisions

   5.45	   9.36	-0.0793	    1.4	  -2.17	
   9.36	1.84e+03	  -3.76	  -17.9	  -44.6	
-0.0793	  -3.76	   1.31	  -1.33	   1.14	
    1.4	  -17.9	  -1.33	   4.77	  -6.64	
  -2.17	  -44.6	   1.14	  -6.64	     50	

partial correlation coefficients

     -1	 -0.106	 0.0349	   -0.3	  0.137	
 -0.106	     -1	 0.0445	  0.169	  0.143	
 0.0349	 0.0445	     -1	  0.602	 -0.177	
   -0.3	  0.169	  0.602	     -1	  0.501	
  0.137	  0.143	 -0.177	  0.501	     -1	

posterior probs

  -	0.42	0.54	0.19	0.66	
0.42	  -	0.54	0.65	0.62	
0.54	0.54	  -	0.96	0.25	
0.19	0.65	0.96	  -	0.94	
0.66	0.62	0.25	0.94	  -	

