entries are in the following order:
dS
omega
body_mass
brain_mass
GI

covariances

  0.656	-0.0584	 -0.997	 -0.993	 -0.103	
-0.0584	 0.0327	  0.298	   0.26	 0.0407	
 -0.997	  0.298	   9.46	   6.29	   0.79	
 -0.993	   0.26	   6.29	   5.24	  0.733	
 -0.103	 0.0407	   0.79	  0.733	  0.156	

correlation coefficients

      1	 -0.384	 -0.412	 -0.548	 -0.328	
 -0.384	      1	  0.558	   0.65	  0.596	
 -0.412	  0.558	      1	  0.892	  0.645	
 -0.548	   0.65	  0.892	      1	  0.806	
 -0.328	  0.596	  0.645	  0.806	      1	

posterior probs

  -	0.16	0.05	0.011	0.075	
0.16	  -	0.87	0.89	0.9	
0.05	0.87	  -	  1	  1	
0.011	0.89	  1	  -	  1	
0.075	0.9	  1	  1	  -	

precisions

   8.99	   12.6	 -0.793	   2.48	  -6.47	
   12.6	1.73e+03	  -4.25	  -38.2	  -85.9	
 -0.793	  -4.25	   1.41	  -1.76	   1.92	
   2.48	  -38.2	  -1.76	   6.74	  -7.45	
  -6.47	  -85.9	   1.92	  -7.45	   59.7	

partial correlation coefficients

     -1	-0.0979	  0.242	 -0.373	  0.287	
-0.0979	     -1	 0.0377	  0.334	   0.25	
  0.242	 0.0377	     -1	  0.632	 -0.256	
 -0.373	  0.334	  0.632	     -1	  0.464	
  0.287	   0.25	 -0.256	  0.464	     -1	

posterior probs

  -	0.42	0.77	0.14	0.81	
0.42	  -	0.53	0.79	0.7	
0.77	0.53	  -	0.96	0.19	
0.14	0.79	0.96	  -	0.9	
0.81	0.7	0.19	0.9	  -	

