entries are in the following order:
dS
omega
body_mass
brain_mass
GI

covariances

 0.0395	0.00217	 -0.391	 -0.327	-0.0515	
0.00217	 0.0177	 -0.128	-0.0952	-0.0129	
 -0.391	 -0.128	   10.7	   7.05	  0.953	
 -0.327	-0.0952	   7.05	   5.95	  0.842	
-0.0515	-0.0129	  0.953	  0.842	  0.176	

correlation coefficients

      1	  0.141	 -0.635	 -0.714	 -0.662	
  0.141	      1	 -0.245	 -0.246	 -0.196	
 -0.635	 -0.245	      1	  0.882	   0.69	
 -0.714	 -0.246	  0.882	      1	  0.819	
 -0.662	 -0.196	   0.69	  0.819	      1	

posterior probs

  -	0.59	0.09	0.075	0.07	
0.59	  -	0.34	0.35	0.36	
0.09	0.34	  -	  1	  1	
0.075	0.35	  1	  -	  1	
0.07	0.36	  1	  1	  -	

precisions

1.64e+03	  -50.5	   6.97	     35	   90.8	
  -50.5	2.35e+03	   5.81	   10.2	   3.54	
   6.97	   5.81	   1.56	 -0.888	  0.156	
     35	   10.2	 -0.888	   5.77	   -3.6	
   90.8	   3.54	  0.156	   -3.6	   72.5	

partial correlation coefficients

     -1	 0.0187	-0.0909	 -0.341	 -0.231	
 0.0187	     -1	-0.0974	-0.0978	-0.0101	
-0.0909	-0.0974	     -1	  0.404	-0.0496	
 -0.341	-0.0978	  0.404	     -1	  0.276	
 -0.231	-0.0101	-0.0496	  0.276	     -1	

posterior probs

  -	0.52	0.43	0.22	0.31	
0.52	  -	0.42	0.42	0.49	
0.43	0.42	  -	0.85	0.43	
0.22	0.42	0.85	  -	0.77	
0.31	0.49	0.43	0.77	  -	

