entries are in the following order:
dS
omega
body_mass
brain_mass
GI

covariances

  0.313	  -0.31	  -1.15	  -1.03	 -0.156	
  -0.31	  0.481	    1.9	   1.49	  0.224	
  -1.15	    1.9	   10.2	   6.73	  0.918	
  -1.03	   1.49	   6.73	   5.39	  0.781	
 -0.156	  0.224	  0.918	  0.781	  0.163	

correlation coefficients

      1	 -0.822	 -0.669	 -0.827	 -0.717	
 -0.822	      1	  0.878	  0.952	  0.826	
 -0.669	  0.878	      1	  0.906	  0.705	
 -0.827	  0.952	  0.906	      1	  0.828	
 -0.717	  0.826	  0.705	  0.828	      1	

posterior probs

  -	0.005	0.024	0.0029	0.005	
0.005	  -	  1	  1	  1	
0.024	  1	  -	  1	  1	
0.0029	  1	  1	  -	  1	
0.005	  1	  1	  1	  -	

precisions

    432	    133	  -5.89	   51.8	   8.82	
    133	    515	  -13.1	  -87.4	  -51.5	
  -5.89	  -13.1	   3.57	  -2.29	   2.48	
   51.8	  -87.4	  -2.29	   40.4	  -1.67	
   8.82	  -51.5	   2.48	  -1.67	   79.7	

partial correlation coefficients

     -1	 -0.247	  0.313	 -0.397	 0.0302	
 -0.247	     -1	  0.267	  0.501	  0.236	
  0.313	  0.267	     -1	  0.308	 -0.181	
 -0.397	  0.501	  0.308	     -1	  0.108	
 0.0302	  0.236	 -0.181	  0.108	     -1	

posterior probs

  -	0.29	0.77	0.18	0.53	
0.29	  -	0.72	0.88	0.7	
0.77	0.72	  -	0.75	0.29	
0.18	0.88	0.75	  -	0.61	
0.53	0.7	0.29	0.61	  -	

