entries are in the following order:
dS
omega
body_mass
brain_mass
GI

covariances

  0.395	-0.0756	  -1.27	  -1.05	 -0.149	
-0.0756	 0.0705	  0.372	  0.292	 0.0418	
  -1.27	  0.372	   9.28	   6.18	  0.839	
  -1.05	  0.292	   6.18	   4.94	  0.707	
 -0.149	 0.0418	  0.839	  0.707	  0.148	

correlation coefficients

      1	 -0.401	  -0.69	 -0.788	 -0.647	
 -0.401	      1	  0.399	  0.432	  0.361	
  -0.69	  0.399	      1	   0.91	  0.709	
 -0.788	  0.432	   0.91	      1	  0.823	
 -0.647	  0.361	  0.709	  0.823	      1	

posterior probs

  -	0.25	0.011	0.0027	0.0091	
0.25	  -	0.74	0.75	0.74	
0.011	0.74	  -	  1	  1	
0.0027	0.75	  1	  -	  1	
0.0091	0.74	  1	  1	  -	

precisions

    196	   80.2	  0.487	   30.8	   5.76	
   80.2	1.88e+03	  -5.89	  -30.7	  -18.7	
  0.487	  -5.89	   2.09	  -1.68	  0.995	
   30.8	  -30.7	  -1.68	   15.6	  -6.61	
   5.76	  -18.7	  0.995	  -6.61	   61.5	

partial correlation coefficients

     -1	 -0.158	 0.0746	 -0.421	0.00824	
 -0.158	     -1	 0.0774	  0.177	 0.0359	
 0.0746	 0.0774	     -1	  0.476	 -0.119	
 -0.421	  0.177	  0.476	     -1	  0.342	
0.00824	 0.0359	 -0.119	  0.342	     -1	

posterior probs

  -	0.37	0.59	0.14	0.52	
0.37	  -	0.56	0.65	0.53	
0.59	0.56	  -	0.87	0.33	
0.14	0.65	0.87	  -	0.82	
0.52	0.53	0.33	0.82	  -	

