entries are in the following order:
dS
omega
body_mass
brain_mass
GI

covariances

   1.52	-0.0799	  -2.53	  -2.13	  -0.27	
-0.0799	 0.0365	  0.189	  0.165	 0.0258	
  -2.53	  0.189	   10.2	    7.1	  0.917	
  -2.13	  0.165	    7.1	   5.96	  0.832	
  -0.27	 0.0258	  0.917	  0.832	  0.165	

correlation coefficients

      1	 -0.313	  -0.65	 -0.718	 -0.546	
 -0.313	      1	  0.323	  0.363	  0.339	
  -0.65	  0.323	      1	  0.907	  0.699	
 -0.718	  0.363	  0.907	      1	  0.833	
 -0.546	  0.339	  0.699	  0.833	      1	

posterior probs

  -	0.28	0.0023	0.00076	0.0077	
0.28	  -	0.71	0.72	0.73	
0.0023	0.71	  -	  1	  1	
0.00076	0.72	  1	  -	  1	
0.0077	0.73	  1	  1	  -	

precisions

    5.7	   8.95	-0.0646	    1.5	  -2.28	
   8.95	1.88e+03	  -3.76	  -16.6	  -40.8	
-0.0646	  -3.76	   1.33	  -1.34	   1.15	
    1.5	  -16.6	  -1.34	   4.84	  -6.82	
  -2.28	  -40.8	   1.15	  -6.82	   49.8	

partial correlation coefficients

     -1	 -0.099	 0.0362	 -0.312	  0.142	
 -0.099	     -1	 0.0413	   0.15	  0.135	
 0.0362	 0.0413	     -1	  0.598	 -0.176	
 -0.312	   0.15	  0.598	     -1	  0.504	
  0.142	  0.135	 -0.176	  0.504	     -1	

posterior probs

  -	0.42	0.54	0.17	0.67	
0.42	  -	0.53	0.63	0.62	
0.54	0.53	  -	0.96	0.25	
0.17	0.63	0.96	  -	0.94	
0.67	0.62	0.25	0.94	  -	

