entries are in the following order:
dS
omega
body_mass
brain_mass
GI

covariances

    1.2	  0.546	  -1.71	  -1.66	 -0.231	
  0.546	   1.02	  -1.95	  -1.57	 -0.235	
  -1.71	  -1.95	   8.48	   5.74	  0.761	
  -1.66	  -1.57	   5.74	   4.79	  0.698	
 -0.231	 -0.235	  0.761	  0.698	   0.15	

correlation coefficients

      1	  0.577	 -0.564	 -0.721	 -0.564	
  0.577	      1	 -0.731	  -0.78	 -0.652	
 -0.564	 -0.731	      1	  0.898	  0.669	
 -0.721	  -0.78	  0.898	      1	   0.82	
 -0.564	 -0.652	  0.669	   0.82	      1	

posterior probs

  -	0.91	0.022	0.0024	0.011	
0.91	  -	0.069	0.069	0.073	
0.022	0.069	  -	  1	  1	
0.0024	0.069	  1	  -	  1	
0.011	0.073	  1	  1	  -	

precisions

   52.3	  -28.1	  -1.24	   10.6	  -5.93	
  -28.1	    702	   11.5	   37.1	   27.8	
  -1.24	   11.5	   3.63	  -1.76	   2.99	
   10.6	   37.1	  -1.76	   20.3	  -7.82	
  -5.93	   27.8	   2.99	  -7.82	   71.8	

partial correlation coefficients

     -1	  0.192	  0.262	 -0.367	  0.176	
  0.192	     -1	 -0.275	  -0.37	 -0.169	
  0.262	 -0.275	     -1	  0.424	 -0.244	
 -0.367	  -0.37	  0.424	     -1	  0.365	
  0.176	 -0.169	 -0.244	  0.365	     -1	

posterior probs

  -	0.65	0.75	0.18	0.69	
0.65	  -	0.29	0.21	0.37	
0.75	0.29	  -	0.84	0.22	
0.18	0.21	0.84	  -	0.83	
0.69	0.37	0.22	0.83	  -	

