entries are in the following order:
dS
omega
body_mass
brain_mass
GI

covariances

   1.76	 0.0162	  0.102	 -0.304	 -0.118	
 0.0162	  0.122	 -0.102	 -0.087	-0.0142	
  0.102	 -0.102	   8.71	    5.9	  0.762	
 -0.304	 -0.087	    5.9	   4.86	  0.687	
 -0.118	-0.0142	  0.762	  0.687	  0.144	

correlation coefficients

      1	 0.0117	0.00999	 -0.123	  -0.25	
 0.0117	      1	-0.0731	-0.0798	-0.0742	
0.00999	-0.0731	      1	  0.904	  0.674	
 -0.123	-0.0798	  0.904	      1	  0.817	
  -0.25	-0.0742	  0.674	  0.817	      1	

posterior probs

  -	0.51	0.52	0.32	0.15	
0.51	  -	0.45	0.45	0.45	
0.52	0.45	  -	  1	  1	
0.32	0.45	  1	  -	  1	
0.15	0.45	  1	  1	  -	

precisions

   2.43	 0.0838	 -0.294	  0.303	   1.14	
 0.0838	1.76e+03	  0.915	      3	   8.15	
 -0.294	  0.915	    1.8	   -1.4	    1.1	
  0.303	      3	   -1.4	   4.92	  -5.76	
   1.14	   8.15	    1.1	  -5.76	   54.4	

partial correlation coefficients

     -1	-0.00254	  0.181	-0.0941	 -0.147	
-0.00254	     -1	-0.0188	 -0.037	-0.0335	
  0.181	-0.0188	     -1	  0.606	 -0.145	
-0.0941	 -0.037	  0.606	     -1	  0.447	
 -0.147	-0.0335	 -0.145	  0.447	     -1	

posterior probs

  -	0.5	0.72	0.38	0.3	
0.5	  -	0.49	0.47	0.47	
0.72	0.49	  -	0.94	0.29	
0.38	0.47	0.94	  -	0.91	
0.3	0.47	0.29	0.91	  -	

