entries are in the following order:
dS
omega
body_mass
brain_mass
GI

covariances

  0.616	 -0.168	 -0.559	 -0.729	-0.0455	
 -0.168	  0.549	 -0.201	  0.195	 0.0307	
 -0.559	 -0.201	   10.7	   6.91	  0.897	
 -0.729	  0.195	   6.91	   5.88	  0.817	
-0.0455	 0.0307	  0.897	  0.817	  0.176	

correlation coefficients

      1	 -0.299	 -0.228	 -0.393	 -0.139	
 -0.299	      1	-0.0882	  0.108	 0.0973	
 -0.228	-0.0882	      1	  0.867	  0.645	
 -0.393	  0.108	  0.867	      1	  0.798	
 -0.139	 0.0973	  0.645	  0.798	      1	

posterior probs

  -	0.18	0.21	0.066	0.29	
0.18	  -	0.39	0.64	0.64	
0.21	0.39	  -	  1	  1	
0.066	0.64	  1	  -	  1	
0.29	0.64	  1	  1	  -	

precisions

   7.19	   1.83	 -0.656	   2.71	  -7.71	
   1.83	   7.04	   1.17	  -1.26	 -0.583	
 -0.656	   1.17	   1.06	  -1.62	   1.75	
   2.71	  -1.26	  -1.62	   3.67	  -7.82	
  -7.71	 -0.583	   1.75	  -7.82	   33.4	

partial correlation coefficients

     -1	 -0.174	  0.239	 -0.496	  0.432	
 -0.174	     -1	 -0.339	  0.209	  0.033	
  0.239	 -0.339	     -1	  0.786	 -0.255	
 -0.496	  0.209	  0.786	     -1	   0.68	
  0.432	  0.033	 -0.255	   0.68	     -1	

posterior probs

  -	0.31	0.75	0.055	0.93	
0.31	  -	0.16	0.73	0.55	
0.75	0.16	  -	  1	0.17	
0.055	0.73	  1	  -	  1	
0.93	0.55	0.17	  1	  -	

