entries are in the following order:
dS
omega
body_mass
brain_mass
GI

covariances

  0.374	-0.0116	  -1.02	 -0.936	 -0.124	
-0.0116	 0.0385	 0.0832	 0.0615	  0.011	
  -1.02	 0.0832	   8.84	   6.01	  0.822	
 -0.936	 0.0615	   6.01	      5	  0.733	
 -0.124	  0.011	  0.822	  0.733	  0.154	

correlation coefficients

      1	-0.0624	 -0.607	 -0.739	 -0.566	
-0.0624	      1	  0.124	  0.122	  0.125	
 -0.607	  0.124	      1	  0.901	  0.698	
 -0.739	  0.122	  0.901	      1	  0.832	
 -0.566	  0.125	  0.698	  0.832	      1	

posterior probs

  -	0.45	0.031	0.0076	0.029	
0.45	  -	0.57	0.57	0.58	
0.031	0.57	  -	  1	  1	
0.0076	0.57	  1	  -	  1	
0.029	0.58	  1	  1	  -	

precisions

    201	    -10	 -0.787	   25.4	   -4.7	
    -10	2.05e+03	  -4.35	  -8.46	  -26.8	
 -0.787	  -4.35	   2.41	  -2.58	   1.93	
   25.4	  -8.46	  -2.58	   12.8	  -11.1	
   -4.7	  -26.8	   1.93	  -11.1	     71	

partial correlation coefficients

     -1	 0.0528	  0.175	 -0.511	  0.152	
 0.0528	     -1	 0.0599	 0.0422	 0.0753	
  0.175	 0.0599	     -1	  0.544	 -0.178	
 -0.511	 0.0422	  0.544	     -1	  0.451	
  0.152	 0.0753	 -0.178	  0.451	     -1	

posterior probs

  -	0.54	0.67	0.086	0.65	
0.54	  -	0.55	0.54	0.56	
0.67	0.55	  -	0.91	0.28	
0.086	0.54	0.91	  -	0.89	
0.65	0.56	0.28	0.89	  -	

