entries are in the following order:
dS
omega
body_mass
brain_mass
GI

covariances

  0.952	-0.0809	  -2.46	  -2.07	 -0.249	
-0.0809	 0.0269	  0.206	   0.18	 0.0247	
  -2.46	  0.206	   11.4	   7.87	  0.975	
  -2.07	   0.18	   7.87	   6.37	   0.87	
 -0.249	 0.0247	  0.975	   0.87	  0.176	

correlation coefficients

      1	 -0.438	 -0.748	  -0.85	 -0.613	
 -0.438	      1	  0.344	  0.404	  0.336	
 -0.748	  0.344	      1	  0.921	   0.68	
  -0.85	  0.404	  0.921	      1	  0.815	
 -0.613	  0.336	   0.68	  0.815	      1	

posterior probs

  -	0.23	0.00079	3.3e-05	0.0041	
0.23	  -	0.72	0.74	0.74	
0.00079	0.72	  -	  1	  1	
3.3e-05	0.74	  1	  -	  1	
0.0041	0.74	  1	  1	  -	

precisions

   36.7	   54.2	  -1.32	   11.9	  -12.1	
   54.2	2.2e+03	  0.297	  -22.4	  -28.9	
  -1.32	  0.297	   1.89	   -2.8	    2.6	
   11.9	  -22.4	   -2.8	   11.5	  -13.9	
  -12.1	  -28.9	    2.6	  -13.9	   58.9	

partial correlation coefficients

     -1	 -0.247	  0.197	 -0.549	  0.299	
 -0.247	     -1	 -0.022	  0.113	 0.0748	
  0.197	 -0.022	     -1	  0.636	 -0.272	
 -0.549	  0.113	  0.636	     -1	  0.563	
  0.299	 0.0748	 -0.272	  0.563	     -1	

posterior probs

  -	0.3	0.7	0.061	0.79	
0.3	  -	0.48	0.61	0.56	
0.7	0.48	  -	0.96	0.18	
0.061	0.61	0.96	  -	0.95	
0.79	0.56	0.18	0.95	  -	

