entries are in the following order:
dS
omega
body_mass
brain_mass
GI

covariances

  0.991	  0.025	 -0.603	 -0.779	 -0.118	
  0.025	 0.0239	 -0.168	 -0.142	-0.0218	
 -0.603	 -0.168	   9.18	   6.35	  0.843	
 -0.779	 -0.142	   6.35	   5.33	  0.757	
 -0.118	-0.0218	  0.843	  0.757	  0.155	

correlation coefficients

      1	  0.144	 -0.202	 -0.345	 -0.307	
  0.144	      1	 -0.328	  -0.36	 -0.327	
 -0.202	 -0.328	      1	  0.905	  0.701	
 -0.345	  -0.36	  0.905	      1	  0.829	
 -0.307	 -0.327	  0.701	  0.829	      1	

posterior probs

  -	0.64	0.23	0.098	0.11	
0.64	  -	0.29	0.28	0.28	
0.23	0.29	  -	  1	  1	
0.098	0.28	  1	  -	  1	
0.11	0.28	  1	  1	  -	

precisions

   5.68	  -7.14	 -0.597	   1.11	 -0.622	
  -7.14	2.07e+03	    5.7	   16.9	   39.7	
 -0.597	    5.7	   1.61	  -1.58	   1.14	
   1.11	   16.9	  -1.58	   4.72	  -5.91	
 -0.622	   39.7	   1.14	  -5.91	   48.2	

partial correlation coefficients

     -1	 0.0687	  0.228	 -0.251	 0.0354	
 0.0687	     -1	-0.0786	 -0.157	 -0.116	
  0.228	-0.0786	     -1	  0.646	 -0.157	
 -0.251	 -0.157	  0.646	     -1	  0.461	
 0.0354	 -0.116	 -0.157	  0.461	     -1	

posterior probs

  -	0.55	0.75	0.22	0.54	
0.55	  -	0.43	0.37	0.41	
0.75	0.43	  -	0.96	0.27	
0.22	0.37	0.96	  -	0.93	
0.54	0.41	0.27	0.93	  -	

