entries are in the following order:
dS
omega
body_mass
brain_mass
GI

covariances

   1.11	-0.00817	 -0.127	 -0.524	 -0.136	
-0.00817	 0.0175	   0.12	 0.0955	 0.0139	
 -0.127	   0.12	   8.15	   5.53	  0.732	
 -0.524	 0.0955	   5.53	   4.65	  0.673	
 -0.136	 0.0139	  0.732	  0.673	  0.142	

correlation coefficients

      1	-0.0392	-0.0414	 -0.229	 -0.341	
-0.0392	      1	  0.285	  0.301	  0.253	
-0.0414	  0.285	      1	  0.895	  0.675	
 -0.229	  0.301	  0.895	      1	  0.824	
 -0.341	  0.253	  0.675	  0.824	      1	

posterior probs

  -	0.45	0.43	0.16	0.069	
0.45	  -	0.69	0.69	0.68	
0.43	0.69	  -	  1	  1	
0.16	0.69	  1	  -	  1	
0.069	0.68	  1	  1	  -	

precisions

   3.08	  -5.69	 -0.521	   0.72	   1.85	
  -5.69	2.2e+03	  -4.97	  -16.1	  -24.7	
 -0.521	  -4.97	   1.62	  -1.55	  0.727	
   0.72	  -16.1	  -1.55	   4.43	  -5.89	
   1.85	  -24.7	  0.727	  -5.89	   48.9	

partial correlation coefficients

     -1	 0.0659	  0.263	 -0.198	 -0.163	
 0.0659	     -1	 0.0682	  0.159	 0.0561	
  0.263	 0.0682	     -1	  0.647	 -0.109	
 -0.198	  0.159	  0.647	     -1	  0.457	
 -0.163	 0.0561	 -0.109	  0.457	     -1	

posterior probs

  -	0.55	0.8	0.26	0.28	
0.55	  -	0.56	0.64	0.55	
0.8	0.56	  -	0.97	0.33	
0.26	0.64	0.97	  -	0.93	
0.28	0.55	0.33	0.93	  -	

