entries are in the following order:
dS
omega
body_mass
brain_mass
GI

covariances

   2.37	0.00444	   -2.8	  -2.64	 -0.363	
0.00444	 0.0617	 0.0732	 0.0379	0.00382	
   -2.8	 0.0732	    9.5	   6.36	  0.796	
  -2.64	 0.0379	   6.36	   5.22	  0.725	
 -0.363	0.00382	  0.796	  0.725	  0.155	

correlation coefficients

      1	 0.0256	 -0.597	 -0.762	 -0.609	
 0.0256	      1	 0.0672	 0.0438	 0.0235	
 -0.597	 0.0672	      1	  0.901	   0.65	
 -0.762	 0.0438	  0.901	      1	  0.802	
 -0.609	 0.0235	   0.65	  0.802	      1	

posterior probs

  -	0.51	0.0077	0.00054	0.0044	
0.51	  -	0.54	0.52	0.52	
0.0077	0.54	  -	  1	  1	
0.00054	0.52	  1	  -	  1	
0.0044	0.52	  1	  1	  -	

precisions

   6.14	  -9.54	 -0.602	   3.22	  -1.04	
  -9.54	1.93e+03	  -3.27	  -4.83	   2.47	
 -0.602	  -3.27	   1.93	  -2.17	   1.72	
   3.22	  -4.83	  -2.17	   7.83	  -7.48	
  -1.04	   2.47	   1.72	  -7.48	   48.8	

partial correlation coefficients

     -1	  0.112	  0.245	 -0.492	 0.0938	
  0.112	     -1	 0.0643	 0.0529	 -0.011	
  0.245	 0.0643	     -1	  0.638	 -0.217	
 -0.492	 0.0529	  0.638	     -1	   0.45	
 0.0938	 -0.011	 -0.217	   0.45	     -1	

posterior probs

  -	0.59	0.75	0.076	0.61	
0.59	  -	0.55	0.54	0.49	
0.75	0.55	  -	0.96	0.22	
0.076	0.54	0.96	  -	0.92	
0.61	0.49	0.22	0.92	  -	

