entries are in the following order:
dS
omega
body_mass
brain_mass
GI

covariances

    1.5	 -0.106	  -1.68	  -1.83	 -0.222	
 -0.106	  0.104	  0.725	  0.527	 0.0804	
  -1.68	  0.725	   10.1	   6.84	  0.885	
  -1.83	  0.527	   6.84	   5.72	  0.817	
 -0.222	 0.0804	  0.885	  0.817	   0.17	

correlation coefficients

      1	 -0.282	 -0.439	 -0.637	 -0.447	
 -0.282	      1	  0.767	  0.751	  0.671	
 -0.439	  0.767	      1	  0.897	  0.669	
 -0.637	  0.751	  0.897	      1	  0.824	
 -0.447	  0.671	  0.669	  0.824	      1	

posterior probs

  -	0.22	0.036	0.0014	0.023	
0.22	  -	0.97	0.95	0.96	
0.036	0.97	  -	  1	  1	
0.0014	0.95	  1	  -	  1	
0.023	0.96	  1	  1	  -	

precisions

   7.71	  -19.2	 -0.419	   4.19	  -2.63	
  -19.2	    797	  -21.6	  -38.8	  -72.1	
 -0.419	  -21.6	   2.84	  -1.75	   4.03	
   4.19	  -38.8	  -1.75	   9.28	  -8.35	
  -2.63	  -72.1	   4.03	  -8.35	   63.6	

partial correlation coefficients

     -1	  0.295	  0.219	 -0.564	    0.2	
  0.295	     -1	  0.391	  0.348	  0.249	
  0.219	  0.391	     -1	  0.488	 -0.357	
 -0.564	  0.348	  0.488	     -1	  0.456	
    0.2	  0.249	 -0.357	  0.456	     -1	

posterior probs

  -	0.73	0.71	0.051	0.72	
0.73	  -	0.81	0.8	0.7	
0.71	0.81	  -	0.89	0.13	
0.051	0.8	0.89	  -	0.89	
0.72	0.7	0.13	0.89	  -	

