entries are in the following order:
dS
omega
body_mass
brain_mass
GI

covariances

  0.662	 0.0438	  -2.02	  -1.58	 -0.164	
 0.0438	 0.0197	 -0.198	 -0.162	-0.0216	
  -2.02	 -0.198	   10.6	   7.04	  0.852	
  -1.58	 -0.162	   7.04	   5.71	  0.757	
 -0.164	-0.0216	  0.852	  0.757	  0.155	

correlation coefficients

      1	  0.386	 -0.785	 -0.836	 -0.526	
  0.386	      1	 -0.391	 -0.441	 -0.364	
 -0.785	 -0.391	      1	  0.901	  0.657	
 -0.836	 -0.441	  0.901	      1	    0.8	
 -0.526	 -0.364	  0.657	    0.8	      1	

posterior probs

  -	0.75	0.00053	3.3e-05	0.0097	
0.75	  -	0.25	0.24	0.24	
0.00053	0.25	  -	  1	  1	
3.3e-05	0.24	  1	  -	  1	
0.0097	0.24	  1	  1	  -	

precisions

   71.4	  -53.8	   1.83	   13.5	  -21.5	
  -53.8	2.33e+03	   1.54	   26.7	   36.4	
   1.83	   1.54	   1.55	  -1.25	  0.747	
   13.5	   26.7	  -1.25	   9.01	  -14.2	
  -21.5	   36.4	  0.747	  -14.2	   69.3	

partial correlation coefficients

     -1	   0.13	-0.0487	 -0.521	   0.37	
   0.13	     -1	-0.00499	 -0.182	-0.0737	
-0.0487	-0.00499	     -1	  0.432	 -0.122	
 -0.521	 -0.182	  0.432	     -1	  0.583	
   0.37	-0.0737	 -0.122	  0.583	     -1	

posterior probs

  -	0.61	0.46	0.073	0.85	
0.61	  -	0.5	0.33	0.44	
0.46	0.5	  -	0.88	0.34	
0.073	0.33	0.88	  -	0.95	
0.85	0.44	0.34	0.95	  -	

