entries are in the following order:
dS
omega
body_mass
brain_mass
GI

covariances

  0.659	-0.0613	  -1.01	     -1	 -0.105	
-0.0613	 0.0334	  0.306	  0.267	 0.0418	
  -1.01	  0.306	   9.45	   6.29	  0.789	
     -1	  0.267	   6.29	   5.23	  0.731	
 -0.105	 0.0418	  0.789	  0.731	  0.155	

correlation coefficients

      1	 -0.405	 -0.414	 -0.552	 -0.333	
 -0.405	      1	  0.576	  0.671	  0.613	
 -0.414	  0.576	      1	  0.893	  0.646	
 -0.552	  0.671	  0.893	      1	  0.806	
 -0.333	  0.613	  0.646	  0.806	      1	

posterior probs

  -	0.14	0.049	0.01	0.07	
0.14	  -	0.88	0.9	0.92	
0.049	0.88	  -	  1	  1	
0.01	0.9	  1	  -	  1	
0.07	0.92	  1	  1	  -	

precisions

   8.81	   13.4	 -0.819	   2.52	  -6.63	
   13.4	1.71e+03	  -4.31	  -40.3	  -88.2	
 -0.819	  -4.31	   1.43	  -1.79	   1.97	
   2.52	  -40.3	  -1.79	   6.91	  -7.46	
  -6.63	  -88.2	   1.97	  -7.46	   60.1	

partial correlation coefficients

     -1	 -0.112	  0.248	 -0.373	  0.294	
 -0.112	     -1	 0.0376	  0.347	  0.254	
  0.248	 0.0376	     -1	  0.629	 -0.259	
 -0.373	  0.347	  0.629	     -1	  0.458	
  0.294	  0.254	 -0.259	  0.458	     -1	

posterior probs

  -	0.41	0.77	0.15	0.82	
0.41	  -	0.53	0.79	0.7	
0.77	0.53	  -	0.95	0.19	
0.15	0.79	0.95	  -	0.9	
0.82	0.7	0.19	0.9	  -	

