entries are in the following order:
dS
omega
body_mass
brain_mass
GI

covariances

  0.829	 0.0752	  -1.99	  -1.57	 -0.178	
 0.0752	  0.661	 -0.786	 -0.506	-0.0541	
  -1.99	 -0.786	   9.89	   6.45	  0.845	
  -1.57	 -0.506	   6.45	   5.18	  0.727	
 -0.178	-0.0541	  0.845	  0.727	  0.153	

correlation coefficients

      1	  0.118	 -0.717	 -0.784	 -0.517	
  0.118	      1	 -0.295	 -0.253	 -0.156	
 -0.717	 -0.295	      1	  0.898	   0.68	
 -0.784	 -0.253	  0.898	      1	  0.811	
 -0.517	 -0.156	   0.68	  0.811	      1	

posterior probs

  -	0.64	0.0017	0.00033	0.016	
0.64	  -	0.18	0.21	0.3	
0.0017	0.18	  -	  1	  1	
0.00033	0.21	  1	  -	  1	
0.016	0.3	  1	  1	  -	

precisions

     31	  0.998	  0.285	   9.49	  -11.2	
  0.998	     83	  0.767	 0.0206	  -1.47	
  0.285	  0.767	   1.07	  -1.33	  0.927	
   9.49	 0.0206	  -1.33	   6.28	  -10.6	
  -11.2	  -1.47	  0.927	  -10.6	   42.8	

partial correlation coefficients

     -1	 -0.151	-0.0139	 -0.606	  0.382	
 -0.151	     -1	 -0.161	-0.0861	  0.121	
-0.0139	 -0.161	     -1	  0.571	  -0.14	
 -0.606	-0.0861	  0.571	     -1	   0.66	
  0.382	  0.121	  -0.14	   0.66	     -1	

posterior probs

  -	0.34	0.49	0.023	0.88	
0.34	  -	0.33	0.39	0.65	
0.49	0.33	  -	0.96	0.29	
0.023	0.39	0.96	  -	0.99	
0.88	0.65	0.29	0.99	  -	

