entries are in the following order:
dS
omega
body_mass
brain_mass
GI

covariances

   0.71	-0.0637	  -1.64	   -1.1	   -0.1	
-0.0637	 0.0478	   0.26	  0.232	 0.0413	
  -1.64	   0.26	   9.68	   6.43	  0.802	
   -1.1	  0.232	   6.43	   5.27	  0.719	
   -0.1	 0.0413	  0.802	  0.719	  0.152	

correlation coefficients

      1	 -0.404	 -0.637	 -0.582	 -0.315	
 -0.404	      1	  0.521	  0.607	    0.6	
 -0.637	  0.521	      1	  0.897	  0.656	
 -0.582	  0.607	  0.897	      1	    0.8	
 -0.315	    0.6	  0.656	    0.8	      1	

posterior probs

  -	0.16	0.0035	0.0078	0.086	
0.16	  -	0.85	0.9	0.93	
0.0035	0.85	  -	  1	  1	
0.0078	0.9	  1	  -	  1	
0.086	0.93	  1	  1	  -	

precisions

   10.6	   17.1	  0.824	   1.12	  -6.05	
   17.1	1.37e+03	  -3.34	  -23.8	  -97.4	
  0.824	  -3.34	   1.27	  -1.11	  0.131	
   1.12	  -23.8	  -1.11	   4.06	  -5.18	
  -6.05	  -97.4	  0.131	  -5.18	   60.5	

partial correlation coefficients

     -1	  -0.18	 -0.233	 -0.142	  0.269	
  -0.18	     -1	-0.0193	  0.259	  0.352	
 -0.233	-0.0193	     -1	   0.56	-0.0565	
 -0.142	  0.259	   0.56	     -1	  0.423	
  0.269	  0.352	-0.0565	  0.423	     -1	

posterior probs

  -	0.35	0.24	0.34	0.8	
0.35	  -	0.47	0.72	0.79	
0.24	0.47	  -	0.95	0.41	
0.34	0.72	0.95	  -	0.89	
0.8	0.79	0.41	0.89	  -	

