entries are in the following order:
dS
omega
body_mass
brain_mass
GI

covariances

 0.0377	0.00247	 -0.367	 -0.307	-0.0486	
0.00247	 0.0166	 -0.133	   -0.1	-0.0138	
 -0.367	 -0.133	   10.7	   7.09	   0.96	
 -0.307	   -0.1	   7.09	   5.99	  0.847	
-0.0486	-0.0138	   0.96	  0.847	  0.177	

correlation coefficients

      1	  0.134	 -0.606	 -0.682	 -0.636	
  0.134	      1	 -0.259	 -0.263	 -0.211	
 -0.606	 -0.259	      1	  0.882	   0.69	
 -0.682	 -0.263	  0.882	      1	  0.819	
 -0.636	 -0.211	   0.69	  0.819	      1	

posterior probs

  -	0.58	0.11	0.091	0.084	
0.58	  -	0.34	0.34	0.35	
0.11	0.34	  -	  1	  1	
0.091	0.34	  1	  -	  1	
0.084	0.35	  1	  1	  -	

precisions

1.66e+03	  -48.9	   6.51	   31.1	   86.7	
  -48.9	2.3e+03	   5.75	   11.7	   7.98	
   6.51	   5.75	   1.55	 -0.878	  0.149	
   31.1	   11.7	 -0.878	   5.28	  -3.68	
   86.7	   7.98	  0.149	  -3.68	     70	

partial correlation coefficients

     -1	 0.0209	-0.0837	 -0.319	 -0.224	
 0.0209	     -1	-0.0967	 -0.109	-0.0146	
-0.0837	-0.0967	     -1	  0.412	-0.0516	
 -0.319	 -0.109	  0.412	     -1	   0.29	
 -0.224	-0.0146	-0.0516	   0.29	     -1	

posterior probs

  -	0.52	0.43	0.23	0.31	
0.52	  -	0.42	0.41	0.49	
0.43	0.42	  -	0.86	0.42	
0.23	0.41	0.86	  -	0.79	
0.31	0.49	0.42	0.79	  -	

