entries are in the following order:
dS
omega
body_mass
brain_mass
GI

covariances

  0.183	 -0.026	 -0.812	 -0.704	 -0.103	
 -0.026	 0.0324	  0.123	  0.106	 0.0147	
 -0.812	  0.123	   10.2	    6.7	  0.879	
 -0.704	  0.106	    6.7	   5.52	  0.774	
 -0.103	 0.0147	  0.879	  0.774	  0.163	

correlation coefficients

      1	 -0.221	 -0.659	 -0.772	 -0.669	
 -0.221	      1	  0.163	  0.193	  0.157	
 -0.659	  0.163	      1	  0.893	  0.676	
 -0.772	  0.193	  0.893	      1	   0.81	
 -0.669	  0.157	  0.676	   0.81	      1	

posterior probs

  -	0.36	0.046	0.02	0.022	
0.36	  -	0.6	0.61	0.61	
0.046	0.6	  -	  1	  1	
0.02	0.61	  1	  -	  1	
0.022	0.61	  1	  1	  -	

precisions

    534	   66.5	   2.24	   34.3	   32.9	
   66.5	2.1e+03	-0.00586	  -13.1	  -2.64	
   2.24	-0.00586	   1.73	  -1.43	  0.565	
   34.3	  -13.1	  -1.43	   9.93	  -4.92	
   32.9	  -2.64	  0.565	  -4.92	   63.4	

partial correlation coefficients

     -1	 -0.118	 0.0292	 -0.437	 -0.101	
 -0.118	     -1	-0.00683	 0.0807	-0.00602	
 0.0292	-0.00683	     -1	  0.466	-0.0925	
 -0.437	 0.0807	  0.466	     -1	  0.302	
 -0.101	-0.00602	-0.0925	  0.302	     -1	

posterior probs

  -	0.4	0.54	0.14	0.42	
0.4	  -	0.49	0.57	0.49	
0.54	0.49	  -	0.87	0.37	
0.14	0.57	0.87	  -	0.79	
0.42	0.49	0.37	0.79	  -	

