entries are in the following order:
dS
omega
body_mass
brain_mass
GI

covariances

  0.989	-0.0296	  -1.18	  -1.36	 -0.203	
-0.0296	 0.0112	 0.0859	 0.0725	 0.0114	
  -1.18	 0.0859	   8.85	   5.82	  0.751	
  -1.36	 0.0725	   5.82	   4.66	  0.655	
 -0.203	 0.0114	  0.751	  0.655	  0.141	

correlation coefficients

      1	 -0.232	 -0.402	 -0.637	 -0.546	
 -0.232	      1	  0.238	  0.279	  0.257	
 -0.402	  0.238	      1	  0.904	  0.667	
 -0.637	  0.279	  0.904	      1	  0.806	
 -0.546	  0.257	  0.667	  0.806	      1	

posterior probs

  -	0.32	0.035	0.0008	0.0043	
0.32	  -	0.66	0.67	0.68	
0.035	0.66	  -	  1	  1	
0.0008	0.67	  1	  -	  1	
0.0043	0.68	  1	  1	  -	

precisions

   7.04	   9.83	  -1.67	   3.84	  -1.68	
   9.83	2.55e+03	  -2.81	    -17	  -36.5	
  -1.67	  -2.81	    2.3	  -3.11	   1.77	
   3.84	    -17	  -3.11	    7.9	  -7.92	
  -1.68	  -36.5	   1.77	  -7.92	   46.5	

partial correlation coefficients

     -1	-0.0729	  0.424	 -0.522	 0.0859	
-0.0729	     -1	 0.0302	  0.104	  0.095	
  0.424	 0.0302	     -1	  0.744	 -0.191	
 -0.522	  0.104	  0.744	     -1	  0.443	
 0.0859	  0.095	 -0.191	  0.443	     -1	

posterior probs

  -	0.44	0.89	0.056	0.6	
0.44	  -	0.52	0.6	0.58	
0.89	0.52	  -	0.99	0.24	
0.056	0.6	0.99	  -	0.93	
0.6	0.58	0.24	0.93	  -	

