entries are in the following order:
dS
omega
body_mass
brain_mass
GI

covariances

  0.643	 -0.226	   -1.9	  -1.61	 -0.209	
 -0.226	  0.129	  0.876	    0.7	 0.0919	
   -1.9	  0.876	   10.3	   7.03	    0.9	
  -1.61	    0.7	   7.03	   5.78	  0.795	
 -0.209	 0.0919	    0.9	  0.795	  0.159	

correlation coefficients

      1	 -0.806	 -0.742	 -0.843	 -0.663	
 -0.806	      1	  0.813	  0.871	  0.699	
 -0.742	  0.813	      1	  0.908	  0.696	
 -0.843	  0.871	  0.908	      1	  0.824	
 -0.663	  0.699	  0.696	  0.824	      1	

posterior probs

  -	0.018	0.003	0.0003	0.0035	
0.018	  -	0.98	0.98	0.98	
0.003	0.98	  -	  1	  1	
0.0003	0.98	  1	  -	  1	
0.0035	0.98	  1	  1	  -	

precisions

    129	    103	 -0.479	   24.6	  -5.15	
    103	1.11e+03	  -11.5	  -60.1	  -13.6	
 -0.479	  -11.5	   2.14	   -1.5	   1.38	
   24.6	  -60.1	   -1.5	   19.1	  -10.7	
  -5.15	  -13.6	   1.38	  -10.7	   57.1	

partial correlation coefficients

     -1	 -0.305	  0.143	 -0.356	  0.111	
 -0.305	     -1	  0.192	  0.416	0.000535	
  0.143	  0.192	     -1	  0.382	 -0.162	
 -0.356	  0.416	  0.382	     -1	  0.409	
  0.111	0.000535	 -0.162	  0.409	     -1	

posterior probs

  -	0.26	0.65	0.19	0.61	
0.26	  -	0.66	0.84	0.49	
0.65	0.66	  -	0.82	0.28	
0.19	0.84	0.82	  -	0.85	
0.61	0.49	0.28	0.85	  -	

