entries are in the following order:
dS
omega
body_mass
brain_mass
GI

covariances

   1.24	  0.148	 -0.714	 -0.864	 -0.113	
  0.148	  0.957	  -1.66	  -1.28	 -0.161	
 -0.714	  -1.66	   9.25	   6.17	  0.763	
 -0.864	  -1.28	   6.17	    5.2	  0.713	
 -0.113	 -0.161	  0.763	  0.713	  0.152	

correlation coefficients

      1	  0.189	 -0.213	 -0.346	 -0.272	
  0.189	      1	 -0.713	 -0.727	 -0.549	
 -0.213	 -0.713	      1	  0.886	  0.636	
 -0.346	 -0.727	  0.886	      1	  0.798	
 -0.272	 -0.549	  0.636	  0.798	      1	

posterior probs

  -	0.72	0.22	0.097	0.15	
0.72	  -	0.017	0.013	0.036	
0.22	0.017	  -	  1	  1	
0.097	0.013	  1	  -	  1	
0.15	0.036	  1	  1	  -	

precisions

   3.15	  0.404	 -0.277	   1.17	  -0.56	
  0.404	    280	   8.01	   14.2	   9.54	
 -0.277	   8.01	   1.89	  -1.13	   1.33	
   1.17	   14.2	  -1.13	      5	   -5.9	
  -0.56	   9.54	   1.33	   -5.9	   36.4	

partial correlation coefficients

     -1	-0.0986	  0.169	  -0.31	 0.0664	
-0.0986	     -1	 -0.276	 -0.332	 0.0168	
  0.169	 -0.276	     -1	  0.566	 -0.205	
  -0.31	 -0.332	  0.566	     -1	  0.532	
 0.0664	 0.0168	 -0.205	  0.532	     -1	

posterior probs

  -	0.4	0.69	0.17	0.58	
0.4	  -	0.27	0.19	0.53	
0.69	0.27	  -	0.92	0.2	
0.17	0.19	0.92	  -	0.95	
0.58	0.53	0.2	0.95	  -	

