entries are in the following order:
dS
omega
body_mass
brain_mass
GI

covariances

  0.839	 0.0678	  -1.23	  -1.21	  -0.15	
 0.0678	 0.0411	 -0.349	 -0.272	-0.0357	
  -1.23	 -0.349	   9.13	    6.1	  0.731	
  -1.21	 -0.272	    6.1	   4.97	  0.667	
  -0.15	-0.0357	  0.731	  0.667	  0.137	

correlation coefficients

      1	  0.369	 -0.451	   -0.6	 -0.446	
  0.369	      1	 -0.563	 -0.598	 -0.477	
 -0.451	 -0.563	      1	  0.902	  0.646	
   -0.6	 -0.598	  0.902	      1	  0.802	
 -0.446	 -0.477	  0.646	  0.802	      1	

posterior probs

  -	0.82	0.031	0.0046	0.021	
0.82	  -	0.15	0.15	0.16	
0.031	0.15	  -	  1	  1	
0.0046	0.15	  1	  -	  1	
0.021	0.16	  1	  1	  -	

precisions

   7.46	  -13.6	 -0.849	   2.09	  -2.99	
  -13.6	1.79e+03	   12.4	   33.9	   28.7	
 -0.849	   12.4	   1.87	  -1.74	   2.06	
   2.09	   33.9	  -1.74	   7.17	  -8.17	
  -2.99	   28.7	   2.06	  -8.17	   51.1	

partial correlation coefficients

     -1	  0.103	  0.254	 -0.354	  0.158	
  0.103	     -1	 -0.186	  -0.29	 -0.063	
  0.254	 -0.186	     -1	  0.591	 -0.255	
 -0.354	  -0.29	  0.591	     -1	  0.495	
  0.158	 -0.063	 -0.255	  0.495	     -1	

posterior probs

  -	0.58	0.78	0.15	0.69	
0.58	  -	0.35	0.26	0.45	
0.78	0.35	  -	0.94	0.18	
0.15	0.26	0.94	  -	0.93	
0.69	0.45	0.18	0.93	  -	

