entries are in the following order:
dS
omega
body_mass
brain_mass
GI

covariances

   18.4	   3.34	   3.89	  0.186	 -0.128	
   3.34	   5.37	   4.78	   3.26	  0.443	
   3.89	   4.78	   9.45	   6.12	  0.846	
  0.186	   3.26	   6.12	   5.04	  0.762	
 -0.128	  0.443	  0.846	  0.762	  0.165	

correlation coefficients

      1	  0.335	  0.288	  0.014	-0.0793	
  0.335	      1	  0.693	  0.657	  0.494	
  0.288	  0.693	      1	  0.884	  0.672	
  0.014	  0.657	  0.884	      1	  0.832	
-0.0793	  0.494	  0.672	  0.832	      1	

posterior probs

  -	0.86	0.87	0.52	0.38	
0.86	  -	0.99	0.99	0.96	
0.87	0.99	  -	  1	  1	
0.52	0.99	  1	  -	  1	
0.38	0.96	  1	  1	  -	

precisions

   0.22	  -0.22	 -0.275	  0.498	 -0.135	
  -0.22	   3.52	-0.0699	  -2.51	   1.51	
 -0.275	-0.0699	   1.36	  -1.77	   1.21	
  0.498	  -2.51	  -1.77	   5.38	  -7.55	
 -0.135	   1.51	   1.21	  -7.55	   32.8	

partial correlation coefficients

     -1	  0.339	  0.498	  -0.46	 0.0256	
  0.339	     -1	 0.0544	  0.366	  -0.11	
  0.498	 0.0544	     -1	  0.714	 -0.173	
  -0.46	  0.366	  0.714	     -1	  0.593	
 0.0256	  -0.11	 -0.173	  0.593	     -1	

posterior probs

  -	0.83	0.95	0.068	0.53	
0.83	  -	0.57	0.87	0.37	
0.95	0.57	  -	0.99	0.21	
0.068	0.87	0.99	  -	0.99	
0.53	0.37	0.21	0.99	  -	

