entries are in the following order:
dS
omega
body_mass
brain_mass
GI

covariances

  0.749	-0.0555	 -0.599	 -0.769	-0.0832	
-0.0555	 0.0679	  0.421	  0.303	 0.0337	
 -0.599	  0.421	   8.89	   6.05	  0.718	
 -0.769	  0.303	   6.05	   5.02	  0.692	
-0.0832	 0.0337	  0.718	  0.692	  0.149	

correlation coefficients

      1	 -0.227	  -0.23	 -0.405	 -0.258	
 -0.227	      1	  0.554	  0.544	  0.376	
  -0.23	  0.554	      1	  0.902	  0.619	
 -0.405	  0.544	  0.902	      1	  0.796	
 -0.258	  0.376	  0.619	  0.796	      1	

posterior probs

  -	0.27	0.2	0.059	0.15	
0.27	  -	0.84	0.83	0.79	
0.2	0.84	  -	  1	  1	
0.059	0.83	  1	  -	  1	
0.15	0.79	  1	  1	  -	

precisions

    8.6	   5.81	  -1.93	   3.72	  -5.46	
   5.81	1.75e+03	  -19.4	  -30.1	  -1.57	
  -1.93	  -19.4	   3.24	   -2.8	   3.12	
   3.72	  -30.1	   -2.8	   9.09	  -12.5	
  -5.46	  -1.57	   3.12	  -12.5	   58.4	

partial correlation coefficients

     -1	-0.0584	  0.359	 -0.419	  0.248	
-0.0584	     -1	  0.284	  0.218	-0.0532	
  0.359	  0.284	     -1	  0.618	 -0.304	
 -0.419	  0.218	  0.618	     -1	  0.588	
  0.248	-0.0532	 -0.304	  0.588	     -1	

posterior probs

  -	0.45	0.83	0.12	0.78	
0.45	  -	0.72	0.69	0.45	
0.83	0.72	  -	0.94	0.17	
0.12	0.69	0.94	  -	0.96	
0.78	0.45	0.17	0.96	  -	

