entries are in the following order:
dS
omega
body_mass
brain_mass
GI

covariances

   1.55	 -0.251	  -1.39	  -1.55	 -0.245	
 -0.251	   1.06	  0.835	  0.706	  0.088	
  -1.39	  0.835	   8.13	   5.41	  0.684	
  -1.55	  0.706	   5.41	   4.41	  0.632	
 -0.245	  0.088	  0.684	  0.632	  0.139	

correlation coefficients

      1	 -0.336	 -0.401	 -0.604	 -0.537	
 -0.336	      1	  0.467	  0.535	  0.406	
 -0.401	  0.467	      1	    0.9	  0.637	
 -0.604	  0.535	    0.9	      1	  0.802	
 -0.537	  0.406	  0.637	  0.802	      1	

posterior probs

  -	0.22	0.044	0.003	0.0072	
0.22	  -	0.85	0.88	0.83	
0.044	0.85	  -	  1	  1	
0.003	0.88	  1	  -	  1	
0.0072	0.83	  1	  1	  -	

precisions

   3.62	   4.17	 -0.951	   1.84	  -0.87	
   4.17	    290	  -1.92	  -24.9	  -6.58	
 -0.951	  -1.92	   1.77	  -2.55	   2.28	
   1.84	  -24.9	  -2.55	   9.96	  -8.68	
  -0.87	  -6.58	   2.28	  -8.68	   40.4	

partial correlation coefficients

     -1	-0.0166	   0.39	 -0.403	 0.0614	
-0.0166	     -1	-0.0514	  0.406	-0.0748	
   0.39	-0.0514	     -1	  0.727	 -0.282	
 -0.403	  0.406	  0.727	     -1	  0.512	
 0.0614	-0.0748	 -0.282	  0.512	     -1	

posterior probs

  -	0.51	0.9	0.13	0.58	
0.51	  -	0.43	0.86	0.4	
0.9	0.43	  -	0.96	0.12	
0.13	0.86	0.96	  -	0.93	
0.58	0.4	0.12	0.93	  -	

