entries are in the following order:
dS
omega
body_mass
brain_mass
GI

covariances

   1.01	  0.042	 -0.726	  -1.02	 -0.173	
  0.042	 0.0389	 -0.212	 -0.175	-0.0277	
 -0.726	 -0.212	   7.96	   5.45	   0.75	
  -1.02	 -0.175	   5.45	   4.49	  0.667	
 -0.173	-0.0277	   0.75	  0.667	  0.143	

correlation coefficients

      1	  0.205	 -0.272	 -0.495	 -0.468	
  0.205	      1	 -0.345	 -0.378	 -0.335	
 -0.272	 -0.345	      1	   0.91	  0.698	
 -0.495	 -0.378	   0.91	      1	  0.829	
 -0.468	 -0.335	  0.698	  0.829	      1	

posterior probs

  -	0.68	0.16	0.028	0.028	
0.68	  -	0.28	0.27	0.27	
0.16	0.28	  -	  1	  1	
0.028	0.27	  1	  -	  1	
0.028	0.27	  1	  1	  -	

precisions

   10.1	  -12.5	  -1.67	    3.5	 -0.774	
  -12.5	  2e+03	   8.53	   22.8	   34.7	
  -1.67	   8.53	   2.88	  -3.06	   1.77	
    3.5	   22.8	  -3.06	   8.97	  -7.28	
 -0.774	   34.7	   1.77	  -7.28	     56	

partial correlation coefficients

     -1	 0.0855	  0.391	 -0.411	 0.0293	
 0.0855	     -1	-0.0982	 -0.156	-0.0962	
  0.391	-0.0982	     -1	  0.674	 -0.164	
 -0.411	 -0.156	  0.674	     -1	  0.404	
 0.0293	-0.0962	 -0.164	  0.404	     -1	

posterior probs

  -	0.56	0.87	0.12	0.53	
0.56	  -	0.42	0.36	0.42	
0.87	0.42	  -	0.96	0.28	
0.12	0.36	0.96	  -	0.9	
0.53	0.42	0.28	0.9	  -	

