entries are in the following order:
dS
omega
body_mass
brain_mass
GI

covariances

  0.707	 0.0386	  -2.21	  -1.76	 -0.228	
 0.0386	 0.0186	 -0.172	 -0.131	-0.0167	
  -2.21	 -0.172	   10.3	   6.95	  0.876	
  -1.76	 -0.131	   6.95	    5.6	  0.767	
 -0.228	-0.0167	  0.876	  0.767	  0.155	

correlation coefficients

      1	  0.334	 -0.822	 -0.893	 -0.692	
  0.334	      1	 -0.349	 -0.364	 -0.277	
 -0.822	 -0.349	      1	  0.913	  0.686	
 -0.893	 -0.364	  0.913	      1	  0.818	
 -0.692	 -0.277	  0.686	  0.818	      1	

posterior probs

  -	0.71	0.00063	9.9e-05	0.0013	
0.71	  -	0.29	0.29	0.3	
0.00063	0.29	  -	  1	  1	
9.9e-05	0.29	  1	  -	  1	
0.0013	0.3	  1	  1	  -	

precisions

    104	  -46.2	   2.06	   28.2	  -6.04	
  -46.2	2.45e+03	   5.86	   22.4	  -4.35	
   2.06	   5.86	   1.98	   -1.4	   1.22	
   28.2	   22.4	   -1.4	     15	  -10.6	
  -6.04	  -4.35	   1.22	  -10.6	   57.5	

partial correlation coefficients

     -1	 0.0875	-0.0398	 -0.563	  0.121	
 0.0875	     -1	-0.0791	 -0.131	 0.0242	
-0.0398	-0.0791	     -1	  0.407	 -0.158	
 -0.563	 -0.131	  0.407	     -1	  0.443	
  0.121	 0.0242	 -0.158	  0.443	     -1	

posterior probs

  -	0.58	0.47	0.063	0.63	
0.58	  -	0.44	0.38	0.52	
0.47	0.44	  -	0.85	0.29	
0.063	0.38	0.85	  -	0.89	
0.63	0.52	0.29	0.89	  -	

