entries are in the following order:
dS
omega
body_mass
brain_mass
GI

covariances

   1.65	 -0.985	  -3.54	  -2.68	 -0.304	
 -0.985	   5.43	   1.86	   1.82	   0.29	
  -3.54	   1.86	   11.8	   7.97	   1.04	
  -2.68	   1.82	   7.97	    6.4	  0.878	
 -0.304	   0.29	   1.04	  0.878	  0.175	

correlation coefficients

      1	 -0.319	  -0.82	 -0.848	 -0.577	
 -0.319	      1	  0.233	  0.314	  0.306	
  -0.82	  0.233	      1	  0.913	  0.714	
 -0.848	  0.314	  0.913	      1	  0.824	
 -0.577	  0.306	  0.714	  0.824	      1	

posterior probs

  -	0.16	0.00054	0.00016	0.025	
0.16	  -	0.81	0.89	0.91	
0.00054	0.81	  -	  1	  1	
0.00016	0.89	  1	  -	  1	
0.025	0.91	  1	  1	  -	

precisions

   42.1	  0.865	   3.14	     14	  -13.5	
  0.865	   0.62	  0.176	  0.125	 -0.711	
   3.14	  0.176	   1.67	 -0.792	 -0.218	
     14	  0.125	 -0.792	   8.53	  -11.9	
  -13.5	 -0.711	 -0.218	  -11.9	   51.1	

partial correlation coefficients

     -1	 -0.201	 -0.245	 -0.638	  0.424	
 -0.201	     -1	 -0.165	-0.0135	  0.124	
 -0.245	 -0.165	     -1	  0.373	-0.0279	
 -0.638	-0.0135	  0.373	     -1	  0.625	
  0.424	  0.124	-0.0279	  0.625	     -1	

posterior probs

  -	0.33	0.3	0.037	0.84	
0.33	  -	0.3	0.49	0.66	
0.3	0.3	  -	0.84	0.44	
0.037	0.49	0.84	  -	0.96	
0.84	0.66	0.44	0.96	  -	

