entries are in the following order:
dS
omega
body_mass
brain_mass
GI

covariances

    0.7	-0.0617	  -1.62	  -1.08	-0.0992	
-0.0617	 0.0488	  0.245	  0.223	 0.0409	
  -1.62	  0.245	   9.63	   6.39	  0.797	
  -1.08	  0.223	   6.39	   5.24	  0.716	
-0.0992	 0.0409	  0.797	  0.716	  0.151	

correlation coefficients

      1	 -0.391	 -0.634	  -0.58	 -0.314	
 -0.391	      1	  0.504	  0.592	  0.593	
 -0.634	  0.504	      1	  0.897	  0.655	
  -0.58	  0.592	  0.897	      1	    0.8	
 -0.314	  0.593	  0.655	    0.8	      1	

posterior probs

  -	0.17	0.0042	0.0084	0.087	
0.17	  -	0.84	0.89	0.93	
0.0042	0.84	  -	  1	  1	
0.0084	0.89	  1	  -	  1	
0.087	0.93	  1	  1	  -	

precisions

   10.1	   15.9	  0.811	   1.01	  -5.87	
   15.9	1.34e+03	  -3.36	  -23.4	  -96.9	
  0.811	  -3.36	   1.27	  -1.11	 0.0681	
   1.01	  -23.4	  -1.11	   4.01	  -5.13	
  -5.87	  -96.9	 0.0681	  -5.13	   60.2	

partial correlation coefficients

     -1	 -0.173	 -0.235	 -0.142	  0.268	
 -0.173	     -1	-0.0258	  0.254	  0.359	
 -0.235	-0.0258	     -1	  0.561	-0.0526	
 -0.142	  0.254	  0.561	     -1	  0.421	
  0.268	  0.359	-0.0526	  0.421	     -1	

posterior probs

  -	0.36	0.23	0.34	0.8	
0.36	  -	0.47	0.72	0.79	
0.23	0.47	  -	0.95	0.41	
0.34	0.72	0.95	  -	0.89	
0.8	0.79	0.41	0.89	  -	

