entries are in the following order:
dS
omega
body_mass
brain_mass
GI

covariances

   1.31	 0.0646	  -1.68	  -1.59	 -0.215	
 0.0646	 0.0257	 -0.209	 -0.176	-0.0249	
  -1.68	 -0.209	    9.1	   6.14	  0.791	
  -1.59	 -0.176	   6.14	   5.13	  0.727	
 -0.215	-0.0249	  0.791	  0.727	  0.153	

correlation coefficients

      1	  0.383	 -0.494	 -0.623	 -0.485	
  0.383	      1	 -0.453	 -0.505	 -0.416	
 -0.494	 -0.453	      1	  0.897	  0.666	
 -0.623	 -0.505	  0.897	      1	  0.817	
 -0.485	 -0.416	  0.666	  0.817	      1	

posterior probs

  -	0.81	0.014	0.0019	0.013	
0.81	  -	0.2	0.18	0.19	
0.014	0.2	  -	  1	  1	
0.0019	0.18	  1	  -	  1	
0.013	0.19	  1	  1	  -	

precisions

    4.7	  -19.3	 -0.435	   1.28	  -1.42	
  -19.3	1.96e+03	   6.02	   24.5	   21.2	
 -0.435	   6.02	   1.41	  -1.58	   1.43	
   1.28	   24.5	  -1.58	   5.14	  -7.04	
  -1.42	   21.2	   1.43	  -7.04	   43.9	

partial correlation coefficients

     -1	  0.193	  0.179	 -0.306	  0.106	
  0.193	     -1	-0.0783	 -0.232	-0.0456	
  0.179	-0.0783	     -1	  0.646	 -0.213	
 -0.306	 -0.232	  0.646	     -1	  0.516	
  0.106	-0.0456	 -0.213	  0.516	     -1	

posterior probs

  -	0.65	0.71	0.18	0.64	
0.65	  -	0.44	0.29	0.46	
0.71	0.44	  -	0.97	0.2	
0.18	0.29	0.97	  -	0.95	
0.64	0.46	0.2	0.95	  -	

