entries are in the following order:
dS
omega
body_mass
brain_mass
GI

covariances

  0.711	 0.0349	  -1.44	  -1.34	 -0.185	
 0.0349	 0.0441	 -0.158	 -0.129	-0.0191	
  -1.44	 -0.158	   9.23	   6.18	  0.782	
  -1.34	 -0.129	   6.18	   5.01	  0.696	
 -0.185	-0.0191	  0.782	  0.696	  0.147	

correlation coefficients

      1	  0.166	 -0.574	 -0.725	 -0.586	
  0.166	      1	 -0.198	 -0.221	 -0.193	
 -0.574	 -0.198	      1	  0.906	  0.666	
 -0.725	 -0.221	  0.906	      1	  0.806	
 -0.586	 -0.193	  0.666	  0.806	      1	

posterior probs

  -	0.62	0.024	0.0041	0.011	
0.62	  -	0.38	0.37	0.37	
0.024	0.38	  -	  1	  1	
0.0041	0.37	  1	  -	  1	
0.011	0.37	  1	  1	  -	

precisions

   50.3	  -14.9	  -1.38	   13.2	  -1.75	
  -14.9	2.06e+03	    2.4	   16.1	   18.7	
  -1.38	    2.4	    2.1	  -2.39	   1.75	
   13.2	   16.1	  -2.39	   11.8	  -7.51	
  -1.75	   18.7	   1.75	  -7.51	   54.3	

partial correlation coefficients

     -1	 0.0401	   0.24	 -0.465	 0.0806	
 0.0401	     -1	-0.0261	 -0.106	-0.0565	
   0.24	-0.0261	     -1	  0.602	 -0.196	
 -0.465	 -0.106	  0.602	     -1	  0.406	
 0.0806	-0.0565	 -0.196	  0.406	     -1	

posterior probs

  -	0.53	0.74	0.1	0.6	
0.53	  -	0.48	0.41	0.45	
0.74	0.48	  -	0.94	0.25	
0.1	0.41	0.94	  -	0.88	
0.6	0.45	0.25	0.88	  -	

