entries are in the following order:
dS
omega
body_mass
brain_mass
GI

covariances

 0.0637	 0.0174	 -0.465	 -0.382	-0.0568	
 0.0174	 0.0812	 -0.364	 -0.295	-0.0475	
 -0.465	 -0.364	    8.9	   6.11	  0.815	
 -0.382	 -0.295	   6.11	   5.06	  0.734	
-0.0568	-0.0475	  0.815	  0.734	  0.153	

correlation coefficients

      1	  0.283	  -0.64	 -0.704	 -0.613	
  0.283	      1	 -0.386	 -0.417	 -0.387	
  -0.64	 -0.386	      1	  0.907	  0.694	
 -0.704	 -0.417	  0.907	      1	  0.831	
 -0.613	 -0.387	  0.694	  0.831	      1	

posterior probs

  -	0.67	0.11	0.092	0.096	
0.67	  -	0.27	0.26	0.26	
0.11	0.27	  -	  1	  1	
0.092	0.26	  1	  -	  1	
0.096	0.26	  1	  1	  -	

precisions

1.59e+03	  -94.1	   7.48	   46.8	     58	
  -94.1	1.78e+03	   8.18	   22.6	   61.1	
   7.48	   8.18	   3.19	  -1.53	   1.33	
   46.8	   22.6	  -1.53	   11.9	  -5.74	
     58	   61.1	   1.33	  -5.74	    113	

partial correlation coefficients

     -1	 0.0572	-0.0694	  -0.35	   -0.1	
 0.0572	     -1	 -0.102	 -0.153	 -0.142	
-0.0694	 -0.102	     -1	  0.388	 -0.129	
  -0.35	 -0.153	  0.388	     -1	  0.281	
   -0.1	 -0.142	 -0.129	  0.281	     -1	

posterior probs

  -	0.56	0.44	0.21	0.42	
0.56	  -	0.42	0.37	0.39	
0.44	0.42	  -	0.83	0.34	
0.21	0.37	0.83	  -	0.76	
0.42	0.39	0.34	0.76	  -	

