entries are in the following order:
dS
omega
body_mass
brain_mass
GI

covariances

   1.49	 -0.104	  -1.67	  -1.82	  -0.22	
 -0.104	  0.104	  0.727	  0.528	 0.0808	
  -1.67	  0.727	   10.1	   6.85	  0.888	
  -1.82	  0.528	   6.85	   5.73	  0.819	
  -0.22	 0.0808	  0.888	  0.819	  0.171	

correlation coefficients

      1	 -0.285	 -0.439	 -0.635	 -0.443	
 -0.285	      1	  0.769	  0.755	  0.674	
 -0.439	  0.769	      1	  0.896	  0.669	
 -0.635	  0.755	  0.896	      1	  0.823	
 -0.443	  0.674	  0.669	  0.823	      1	

posterior probs

  -	0.22	0.037	0.002	0.024	
0.22	  -	0.97	0.95	0.96	
0.037	0.97	  -	  1	  1	
0.002	0.95	  1	  -	  1	
0.024	0.96	  1	  1	  -	

precisions

   7.39	    -18	  -0.42	   4.06	  -2.58	
    -18	    792	    -21	  -39.3	  -69.7	
  -0.42	    -21	   2.77	  -1.71	    3.9	
   4.06	  -39.3	  -1.71	   9.21	  -8.19	
  -2.58	  -69.7	    3.9	  -8.19	     63	

partial correlation coefficients

     -1	  0.292	  0.216	  -0.56	  0.202	
  0.292	     -1	  0.387	  0.357	  0.246	
  0.216	  0.387	     -1	  0.482	 -0.353	
  -0.56	  0.357	  0.482	     -1	  0.453	
  0.202	  0.246	 -0.353	  0.453	     -1	

posterior probs

  -	0.73	0.71	0.056	0.72	
0.73	  -	0.8	0.8	0.7	
0.71	0.8	  -	0.89	0.13	
0.056	0.8	0.89	  -	0.89	
0.72	0.7	0.13	0.89	  -	

