entries are in the following order:
dS
omega
body_mass
brain_mass
GI

covariances

   1.08	-0.0331	  -2.01	  -1.55	 -0.144	
-0.0331	  0.017	  0.117	 0.0965	 0.0154	
  -2.01	  0.117	   8.66	   5.83	  0.733	
  -1.55	 0.0965	   5.83	   4.78	  0.673	
 -0.144	 0.0154	  0.733	  0.673	  0.143	

correlation coefficients

      1	 -0.208	 -0.673	 -0.702	 -0.383	
 -0.208	      1	  0.271	  0.303	   0.28	
 -0.673	  0.271	      1	  0.903	  0.651	
 -0.702	  0.303	  0.903	      1	  0.808	
 -0.383	   0.28	  0.651	  0.808	      1	

posterior probs

  -	0.34	0.001	0.00069	0.054	
0.34	  -	0.67	0.68	0.7	
0.001	0.67	  -	  1	  1	
0.00069	0.68	  1	  -	  1	
0.054	0.7	  1	  1	  -	

precisions

   11.1	   3.05	 0.0104	   3.79	  -7.76	
   3.05	2.29e+03	  -4.01	  -17.9	  -44.5	
 0.0104	  -4.01	   1.59	  -1.63	   1.61	
   3.79	  -17.9	  -1.63	   6.76	  -11.6	
  -7.76	  -44.5	   1.61	  -11.6	   69.3	

partial correlation coefficients

     -1	-0.0166	 0.0144	 -0.433	  0.346	
-0.0166	     -1	 0.0505	  0.132	  0.109	
 0.0144	 0.0505	     -1	  0.558	 -0.195	
 -0.433	  0.132	  0.558	     -1	  0.587	
  0.346	  0.109	 -0.195	  0.587	     -1	

posterior probs

  -	0.49	0.52	0.092	0.85	
0.49	  -	0.54	0.62	0.59	
0.52	0.54	  -	0.95	0.25	
0.092	0.62	0.95	  -	0.96	
0.85	0.59	0.25	0.96	  -	

