entries are in the following order:
dS
omega
body_mass
brain_mass
GI

covariances

   0.62	-0.0784	  -1.56	  -1.28	 -0.155	
-0.0784	 0.0524	  0.342	  0.275	 0.0412	
  -1.56	  0.342	   9.98	   6.61	  0.846	
  -1.28	  0.275	   6.61	   5.33	   0.74	
 -0.155	 0.0412	  0.846	   0.74	  0.156	

correlation coefficients

      1	 -0.375	  -0.64	 -0.718	 -0.508	
 -0.375	      1	  0.424	  0.469	  0.418	
  -0.64	  0.424	      1	  0.903	  0.669	
 -0.718	  0.469	  0.903	      1	  0.805	
 -0.508	  0.418	  0.669	  0.805	      1	

posterior probs

  -	0.25	0.022	0.0092	0.042	
0.25	  -	0.77	0.77	0.78	
0.022	0.77	  -	  1	  1	
0.0092	0.77	  1	  -	  1	
0.042	0.78	  1	  1	  -	

precisions

   94.9	   46.1	  0.782	   19.6	  -6.63	
   46.1	1.95e+03	  -4.96	  -30.4	  -53.2	
  0.782	  -4.96	   1.82	  -1.51	   1.28	
   19.6	  -30.4	  -1.51	   12.9	  -7.69	
  -6.63	  -53.2	   1.28	  -7.69	   62.3	

partial correlation coefficients

     -1	 -0.105	 0.0532	 -0.408	  0.176	
 -0.105	     -1	 0.0642	  0.198	  0.146	
 0.0532	 0.0642	     -1	  0.498	 -0.164	
 -0.408	  0.198	  0.498	     -1	  0.419	
  0.176	  0.146	 -0.164	  0.419	     -1	

posterior probs

  -	0.42	0.56	0.14	0.69	
0.42	  -	0.55	0.67	0.62	
0.56	0.55	  -	0.89	0.28	
0.14	0.67	0.89	  -	0.87	
0.69	0.62	0.28	0.87	  -	

