entries are in the following order:
dS
omega
body_mass
brain_mass
GI

covariances

   0.83	 0.0749	  -1.99	  -1.58	 -0.179	
 0.0749	  0.675	  -0.81	 -0.519	-0.0566	
  -1.99	  -0.81	   9.93	   6.48	  0.851	
  -1.58	 -0.519	   6.48	    5.2	   0.73	
 -0.179	-0.0566	  0.851	   0.73	  0.154	

correlation coefficients

      1	  0.113	 -0.716	 -0.784	 -0.518	
  0.113	      1	 -0.296	 -0.252	 -0.157	
 -0.716	 -0.296	      1	  0.898	  0.682	
 -0.784	 -0.252	  0.898	      1	  0.812	
 -0.518	 -0.157	  0.682	  0.812	      1	

posterior probs

  -	0.64	0.0021	0.0004	0.016	
0.64	  -	0.18	0.21	0.29	
0.0021	0.18	  -	  1	  1	
0.0004	0.21	  1	  -	  1	
0.016	0.29	  1	  1	  -	

precisions

   29.1	   1.36	  0.369	    9.1	  -11.4	
   1.36	     73	  0.727	-0.0505	  -2.02	
  0.369	  0.727	   1.09	  -1.33	  0.935	
    9.1	-0.0505	  -1.33	   6.18	  -10.7	
  -11.4	  -2.02	  0.935	  -10.7	   42.8	

partial correlation coefficients

     -1	 -0.159	-0.0149	 -0.608	  0.387	
 -0.159	     -1	 -0.165	-0.0856	  0.122	
-0.0149	 -0.165	     -1	  0.571	 -0.138	
 -0.608	-0.0856	  0.571	     -1	  0.661	
  0.387	  0.122	 -0.138	  0.661	     -1	

posterior probs

  -	0.33	0.49	0.023	0.88	
0.33	  -	0.32	0.4	0.65	
0.49	0.32	  -	0.96	0.29	
0.023	0.4	0.96	  -	0.99	
0.88	0.65	0.29	0.99	  -	

