entries are in the following order:
dS
omega
body_mass
brain_mass
GI

covariances

  0.731	  0.635	 -0.455	 -0.667	 -0.122	
  0.635	   3.48	  -1.32	  -1.89	 -0.423	
 -0.455	  -1.32	   9.53	   6.32	  0.801	
 -0.667	  -1.89	   6.32	   5.15	  0.722	
 -0.122	 -0.423	  0.801	  0.722	  0.153	

correlation coefficients

      1	   0.48	 -0.253	 -0.437	 -0.451	
   0.48	      1	 -0.244	 -0.467	 -0.612	
 -0.253	 -0.244	      1	  0.899	  0.655	
 -0.437	 -0.467	  0.899	      1	  0.807	
 -0.451	 -0.612	  0.655	  0.807	      1	

posterior probs

  -	0.9	0.26	0.11	0.077	
0.9	  -	0.22	0.067	0.021	
0.26	0.22	  -	  1	  1	
0.11	0.067	  1	  -	  1	
0.077	0.021	  1	  1	  -	

precisions

   91.8	  -8.42	 -0.466	   8.12	   5.44	
  -8.42	   4.91	 -0.773	   0.66	   5.38	
 -0.466	 -0.773	   1.67	  -2.33	 -0.265	
   8.12	   0.66	  -2.33	    5.3	     -4	
   5.44	   5.38	 -0.265	     -4	   49.5	

partial correlation coefficients

     -1	  0.258	  0.201	 -0.323	0.00214	
  0.258	     -1	   0.33	 -0.198	 -0.387	
  0.201	   0.33	     -1	  0.808	-0.00951	
 -0.323	 -0.198	  0.808	     -1	  0.327	
0.00214	 -0.387	-0.00951	  0.327	     -1	

posterior probs

  -	0.71	0.73	0.17	0.51	
0.71	  -	0.83	0.29	0.14	
0.73	0.83	  -	0.99	0.47	
0.17	0.29	0.99	  -	0.87	
0.51	0.14	0.47	0.87	  -	

