entries are in the following order:
dS
omega
body_mass
brain_mass
GI

covariances

  0.754	0.00264	  -0.99	  -1.08	  -0.15	
0.00264	  0.055	 -0.077	-0.0603	-0.0113	
  -0.99	 -0.077	   8.82	   6.07	  0.815	
  -1.08	-0.0603	   6.07	   5.08	  0.733	
  -0.15	-0.0113	  0.815	  0.733	  0.153	

correlation coefficients

      1	 0.0136	 -0.384	 -0.558	 -0.446	
 0.0136	      1	-0.0984	-0.0999	 -0.105	
 -0.384	-0.0984	      1	  0.904	  0.695	
 -0.558	-0.0999	  0.904	      1	  0.826	
 -0.446	 -0.105	  0.695	  0.826	      1	

posterior probs

  -	0.52	0.063	0.01	0.03	
0.52	  -	0.44	0.44	0.43	
0.063	0.44	  -	  1	  1	
0.01	0.44	  1	  -	  1	
0.03	0.43	  1	  1	  -	

precisions

   9.22	   6.13	  -1.03	   2.77	  -2.11	
   6.13	1.89e+03	   2.27	   4.46	     21	
  -1.03	   2.27	   2.01	     -2	   1.73	
   2.77	   4.46	     -2	   6.73	  -7.37	
  -2.11	     21	   1.73	  -7.37	   53.7	

partial correlation coefficients

     -1	-0.0549	  0.282	 -0.394	  0.105	
-0.0549	     -1	-0.0314	-0.0394	 -0.074	
  0.282	-0.0314	     -1	  0.637	 -0.194	
 -0.394	-0.0394	  0.637	     -1	  0.464	
  0.105	 -0.074	 -0.194	  0.464	     -1	

posterior probs

  -	0.45	0.79	0.12	0.63	
0.45	  -	0.47	0.47	0.44	
0.79	0.47	  -	0.95	0.24	
0.12	0.47	0.95	  -	0.92	
0.63	0.44	0.24	0.92	  -	

