entries are in the following order:
dS
omega
body_mass
brain_mass
GI

covariances

   1.29	  0.251	  -2.82	  -2.21	 -0.205	
  0.251	  0.241	 -0.696	 -0.603	-0.0724	
  -2.82	 -0.696	   12.4	   8.34	   0.97	
  -2.21	 -0.603	   8.34	   6.69	  0.857	
 -0.205	-0.0724	   0.97	  0.857	  0.165	

correlation coefficients

      1	  0.569	 -0.698	 -0.747	 -0.433	
  0.569	      1	 -0.499	 -0.573	 -0.445	
 -0.698	 -0.499	      1	  0.911	  0.666	
 -0.747	 -0.573	  0.911	      1	  0.808	
 -0.433	 -0.445	  0.666	  0.808	      1	

posterior probs

  -	0.89	0.0063	0.0019	0.056	
0.89	  -	0.16	0.11	0.14	
0.0063	0.16	  -	  1	  1	
0.0019	0.11	  1	  -	  1	
0.056	0.14	  1	  1	  -	

precisions

   47.4	  -49.1	   1.18	   10.9	    -15	
  -49.1	    850	   3.78	   21.8	   27.8	
   1.18	   3.78	   1.67	  -1.33	   1.47	
   10.9	   21.8	  -1.33	   10.2	  -13.7	
    -15	   27.8	   1.47	  -13.7	   66.5	

partial correlation coefficients

     -1	  0.362	 0.0213	 -0.464	  0.421	
  0.362	     -1	 0.0226	 -0.158	 -0.101	
 0.0213	 0.0226	     -1	  0.529	 -0.199	
 -0.464	 -0.158	  0.529	     -1	  0.623	
  0.421	 -0.101	 -0.199	  0.623	     -1	

posterior probs

  -	0.8	0.53	0.1	0.87	
0.8	  -	0.54	0.36	0.4	
0.53	0.54	  -	0.91	0.25	
0.1	0.36	0.91	  -	0.96	
0.87	0.4	0.25	0.96	  -	

