entries are in the following order:
dS
omega
body_mass
brain_mass
GI

covariances

  0.885	  0.615	   -2.1	  -1.69	  -0.18	
  0.615	   1.67	   -2.9	  -1.89	 -0.133	
   -2.1	   -2.9	   12.2	   8.17	   0.97	
  -1.69	  -1.89	   8.17	   6.57	  0.845	
  -0.18	 -0.133	   0.97	  0.845	  0.169	

correlation coefficients

      1	  0.536	 -0.651	 -0.719	 -0.477	
  0.536	      1	 -0.668	 -0.597	 -0.265	
 -0.651	 -0.668	      1	  0.909	  0.666	
 -0.719	 -0.597	  0.909	      1	  0.795	
 -0.477	 -0.265	  0.666	  0.795	      1	

posterior probs

  -	0.97	0.0057	0.0026	0.034	
0.97	  -	0.0055	0.012	0.17	
0.0057	0.0055	  -	  1	  1	
0.0026	0.012	  1	  -	  1	
0.034	0.17	  1	  1	  -	

precisions

   15.4	 -0.867	 -0.436	   5.01	  -4.47	
 -0.867	   6.99	  0.972	   0.94	  -6.28	
 -0.436	  0.972	   1.15	  -1.33	   0.28	
   5.01	   0.94	  -1.33	   4.63	  -8.59	
  -4.47	  -6.28	   0.28	  -8.59	   40.8	

partial correlation coefficients

     -1	  0.118	  0.134	 -0.484	  0.207	
  0.118	     -1	 -0.331	 -0.146	  0.389	
  0.134	 -0.331	     -1	  0.616	-0.0632	
 -0.484	 -0.146	  0.616	     -1	  0.627	
  0.207	  0.389	-0.0632	  0.627	     -1	

posterior probs

  -	0.62	0.65	0.069	0.73	
0.62	  -	0.18	0.35	0.88	
0.65	0.18	  -	0.98	0.4	
0.069	0.35	0.98	  -	0.99	
0.73	0.88	0.4	0.99	  -	

