entries are in the following order:
dS
omega
body_mass
brain_mass
GI

covariances

  0.451	 -0.193	  -1.44	  -1.23	 -0.194	
 -0.193	  0.218	   0.86	  0.683	  0.122	
  -1.44	   0.86	   9.25	   6.24	   0.82	
  -1.23	  0.683	   6.24	   5.12	  0.725	
 -0.194	  0.122	   0.82	  0.725	   0.15	

correlation coefficients

      1	 -0.654	 -0.728	 -0.841	 -0.774	
 -0.654	      1	  0.675	  0.726	  0.749	
 -0.728	  0.675	      1	  0.903	   0.69	
 -0.841	  0.726	  0.903	      1	  0.823	
 -0.774	  0.749	   0.69	  0.823	      1	

posterior probs

  -	0.052	0.0088	0.0019	0.0026	
0.052	  -	0.96	0.96	0.98	
0.0088	0.96	  -	  1	  1	
0.0019	0.96	  1	  -	  1	
0.0026	0.98	  1	  1	  -	

precisions

    211	   54.8	   1.71	   30.8	   61.2	
   54.8	    650	   -9.7	  -21.1	   -123	
   1.71	   -9.7	   2.48	   -1.5	   3.25	
   30.8	  -21.1	   -1.5	   13.6	  -1.33	
   61.2	   -123	   3.25	  -1.33	    194	

partial correlation coefficients

     -1	 0.0148	 0.0279	 -0.481	 -0.243	
 0.0148	     -1	  0.222	  0.128	  0.439	
 0.0279	  0.222	     -1	  0.457	 -0.208	
 -0.481	  0.128	  0.457	     -1	  0.148	
 -0.243	  0.439	 -0.208	  0.148	     -1	

posterior probs

  -	0.52	0.54	0.11	0.29	
0.52	  -	0.69	0.61	0.84	
0.54	0.69	  -	0.86	0.26	
0.11	0.61	0.86	  -	0.65	
0.29	0.84	0.26	0.65	  -	

