entries are in the following order:
dS
omega
body_mass
brain_mass
GI

covariances

  0.684	-0.00575	 -0.474	 -0.849	 -0.112	
-0.00575	 0.0161	-0.0412	-0.0275	-0.00366	
 -0.474	-0.0412	   9.63	   6.28	  0.833	
 -0.849	-0.0275	   6.28	   5.28	  0.734	
 -0.112	-0.00366	  0.833	  0.734	  0.158	

correlation coefficients

      1	-0.0366	 -0.215	 -0.476	 -0.364	
-0.0366	      1	-0.0817	-0.0749	 -0.057	
 -0.215	-0.0817	      1	  0.877	   0.67	
 -0.476	-0.0749	  0.877	      1	    0.8	
 -0.364	 -0.057	   0.67	    0.8	      1	

posterior probs

  -	0.47	0.24	0.038	0.081	
0.47	  -	0.44	0.45	0.46	
0.24	0.44	  -	  1	  1	
0.038	0.45	  1	  -	  1	
0.081	0.46	  1	  1	  -	

precisions

   11.5	   5.21	  -1.45	   3.68	   -2.2	
   5.21	2.29e+03	    1.4	   4.64	  -1.85	
  -1.45	    1.4	   1.62	  -1.93	  0.992	
   3.68	   4.64	  -1.93	   4.97	  -6.14	
   -2.2	  -1.85	  0.992	  -6.14	   38.9	

partial correlation coefficients

     -1	-0.0536	  0.392	 -0.495	  0.104	
-0.0536	     -1	-0.0221	-0.0509	0.00864	
  0.392	-0.0221	     -1	  0.693	 -0.128	
 -0.495	-0.0509	  0.693	     -1	   0.46	
  0.104	0.00864	 -0.128	   0.46	     -1	

posterior probs

  -	0.45	0.86	0.075	0.62	
0.45	  -	0.48	0.45	0.51	
0.86	0.48	  -	0.98	0.32	
0.075	0.45	0.98	  -	0.94	
0.62	0.51	0.32	0.94	  -	

