entries are in the following order:
dS
omega
body_mass
brain_mass
GI

covariances

   2.07	 0.0288	  0.494	-0.0269	-0.0116	
 0.0288	 0.0673	 -0.033	-0.0219	0.00471	
  0.494	 -0.033	   7.81	   5.32	  0.736	
-0.0269	-0.0219	   5.32	   4.43	  0.668	
-0.0116	0.00471	  0.736	  0.668	  0.145	

correlation coefficients

      1	 0.0582	  0.119	-0.0121	-0.0258	
 0.0582	      1	-0.0872	-0.0827	-0.00344	
  0.119	-0.0872	      1	  0.902	  0.686	
-0.0121	-0.0827	  0.902	      1	   0.83	
-0.0258	-0.00344	  0.686	   0.83	      1	

posterior probs

  -	0.55	0.7	0.48	0.45	
0.55	  -	0.44	0.45	0.51	
0.7	0.44	  -	  1	  1	
0.48	0.45	  1	  -	  1	
0.45	0.51	  1	  1	  -	

precisions

   1.63	  -4.56	 -0.327	  0.395	 0.0523	
  -4.56	1.84e+03	   2.64	   6.81	  -28.2	
 -0.327	   2.64	    1.6	  -1.71	   1.22	
  0.395	   6.81	  -1.71	   4.37	  -7.76	
 0.0523	  -28.2	   1.22	  -7.76	   49.7	

partial correlation coefficients

     -1	  0.117	  0.246	 -0.185	 0.0178	
  0.117	     -1	-0.0505	 -0.101	  0.152	
  0.246	-0.0505	     -1	  0.694	 -0.179	
 -0.185	 -0.101	  0.694	     -1	  0.563	
 0.0178	  0.152	 -0.179	  0.563	     -1	

posterior probs

  -	0.6	0.8	0.26	0.53	
0.6	  -	0.45	0.4	0.63	
0.8	0.45	  -	0.98	0.24	
0.26	0.4	0.98	  -	0.97	
0.53	0.63	0.24	0.97	  -	

