entries are in the following order:
dS
omega
body_mass
brain_mass
GI

covariances

  0.652	-0.0165	  -1.36	  -1.02	 -0.081	
-0.0165	 0.0173	 0.0803	  0.067	 0.0113	
  -1.36	 0.0803	   9.43	   6.31	  0.826	
  -1.02	  0.067	   6.31	   5.22	  0.747	
 -0.081	 0.0113	  0.826	  0.747	  0.161	

correlation coefficients

      1	 -0.119	 -0.568	 -0.582	 -0.273	
 -0.119	      1	  0.165	  0.186	  0.185	
 -0.568	  0.165	      1	  0.897	  0.663	
 -0.582	  0.186	  0.897	      1	  0.811	
 -0.273	  0.185	  0.663	  0.811	      1	

posterior probs

  -	0.4	0.014	0.011	0.15	
0.4	  -	0.61	0.62	0.63	
0.014	0.61	  -	  1	  1	
0.011	0.62	  1	  -	  1	
0.15	0.63	  1	  1	  -	

precisions

     17	   3.96	 0.0163	   3.68	  -10.3	
   3.96	2.33e+03	  -2.53	  -7.16	  -39.9	
 0.0163	  -2.53	   1.38	  -1.36	   1.01	
   3.68	  -7.16	  -1.36	   5.32	  -9.92	
  -10.3	  -39.9	   1.01	  -9.92	   62.8	

partial correlation coefficients

     -1	-0.0273	-0.0134	  -0.36	  0.343	
-0.0273	     -1	 0.0285	 0.0557	  0.105	
-0.0134	 0.0285	     -1	  0.561	 -0.141	
  -0.36	 0.0557	  0.561	     -1	  0.573	
  0.343	  0.105	 -0.141	  0.573	     -1	

posterior probs

  -	0.48	0.49	0.15	0.84	
0.48	  -	0.52	0.55	0.59	
0.49	0.52	  -	0.95	0.31	
0.15	0.55	0.95	  -	0.96	
0.84	0.59	0.31	0.96	  -	

