entries are in the following order:
dS
omega
body_mass
brain_mass
GI

covariances

   4.67	   1.03	-0.0326	   -0.6	-0.0788	
   1.03	   1.93	   1.47	   1.15	  0.161	
-0.0326	   1.47	   7.56	   5.23	  0.688	
   -0.6	   1.15	   5.23	   4.45	  0.646	
-0.0788	  0.161	  0.688	  0.646	  0.138	

correlation coefficients

      1	  0.351	-0.00906	 -0.138	 -0.102	
  0.351	      1	  0.486	  0.488	  0.374	
-0.00906	  0.486	      1	  0.897	  0.666	
 -0.138	  0.488	  0.897	      1	  0.819	
 -0.102	  0.374	  0.666	  0.819	      1	

posterior probs

  -	0.84	0.49	0.27	0.32	
0.84	  -	0.93	0.94	0.91	
0.49	0.93	  -	  1	  1	
0.27	0.94	  1	  -	  1	
0.32	0.91	  1	  1	  -	

precisions

  0.899	  -1.18	 -0.252	  0.835	 -0.956	
  -1.18	   93.8	  -2.45	  -5.34	    1.8	
 -0.252	  -2.45	   1.52	  -1.71	   1.67	
  0.835	  -5.34	  -1.71	   4.66	  -8.38	
 -0.956	    1.8	   1.67	  -8.38	   38.3	

partial correlation coefficients

     -1	  0.512	  0.249	 -0.399	  0.148	
  0.512	     -1	-0.00676	  0.364	 -0.129	
  0.249	-0.00676	     -1	  0.725	 -0.243	
 -0.399	  0.364	  0.725	     -1	   0.64	
  0.148	 -0.129	 -0.243	   0.64	     -1	

posterior probs

  -	0.9	0.8	0.073	0.7	
0.9	  -	0.46	0.88	0.35	
0.8	0.46	  -	0.98	0.14	
0.073	0.88	0.98	  -	0.99	
0.7	0.35	0.14	0.99	  -	

