entries are in the following order:
dS
omega
body_mass
brain_mass
GI

covariances

  0.433	 -0.193	  -1.43	  -1.22	 -0.191	
 -0.193	  0.227	  0.882	  0.698	  0.125	
  -1.43	  0.882	    9.3	   6.25	  0.821	
  -1.22	  0.698	   6.25	   5.13	  0.725	
 -0.191	  0.125	  0.821	  0.725	   0.15	

correlation coefficients

      1	 -0.655	 -0.736	 -0.848	  -0.78	
 -0.655	      1	  0.674	  0.722	   0.75	
 -0.736	  0.674	      1	  0.903	  0.689	
 -0.848	  0.722	  0.903	      1	  0.823	
  -0.78	   0.75	  0.689	  0.823	      1	

posterior probs

  -	0.052	0.0068	0.0011	0.0017	
0.052	  -	0.96	0.97	0.99	
0.0068	0.96	  -	  1	  1	
0.0011	0.97	  1	  -	  1	
0.0017	0.99	  1	  1	  -	

precisions

    228	   53.8	   2.24	   30.2	   66.3	
   53.8	    574	  -9.98	  -18.8	   -117	
   2.24	  -9.98	   2.56	  -1.48	   3.21	
   30.2	  -18.8	  -1.48	     13	 -0.986	
   66.3	   -117	   3.21	 -0.986	    190	

partial correlation coefficients

     -1	   0.02	 0.0214	 -0.477	 -0.259	
   0.02	     -1	  0.231	  0.119	   0.44	
 0.0214	  0.231	     -1	  0.457	 -0.211	
 -0.477	  0.119	  0.457	     -1	  0.144	
 -0.259	   0.44	 -0.211	  0.144	     -1	

posterior probs

  -	0.52	0.53	0.12	0.28	
0.52	  -	0.7	0.6	0.84	
0.53	0.7	  -	0.86	0.26	
0.12	0.6	0.86	  -	0.65	
0.28	0.84	0.26	0.65	  -	

