entries are in the following order:
dS
omega
body_mass
brain_mass
GI

covariances

  0.693	 0.0596	  -1.33	  -1.32	  -0.19	
 0.0596	 0.0326	 -0.307	 -0.246	 -0.034	
  -1.33	 -0.307	    9.4	   6.43	  0.838	
  -1.32	 -0.246	   6.43	   5.37	  0.769	
  -0.19	 -0.034	  0.838	  0.769	  0.158	

correlation coefficients

      1	  0.415	  -0.54	 -0.701	 -0.588	
  0.415	      1	 -0.529	 -0.563	 -0.456	
  -0.54	 -0.529	      1	    0.9	  0.679	
 -0.701	 -0.563	    0.9	      1	  0.828	
 -0.588	 -0.456	  0.679	  0.828	      1	

posterior probs

  -	0.8	0.027	0.0029	0.0093	
0.8	  -	0.17	0.17	0.18	
0.027	0.17	  -	  1	  1	
0.0029	0.17	  1	  -	  1	
0.0093	0.18	  1	  1	  -	

precisions

     51	  -39.3	  -1.04	   10.8	   -1.2	
  -39.3	1.98e+03	   10.4	     34	   13.5	
  -1.04	   10.4	   1.87	  -1.93	   1.59	
   10.8	     34	  -1.93	   9.36	  -8.04	
   -1.2	   13.5	   1.59	  -8.04	     50	

partial correlation coefficients

     -1	   0.12	  0.244	 -0.419	 0.0699	
   0.12	     -1	 -0.148	 -0.249	-0.0139	
  0.244	 -0.148	     -1	  0.583	 -0.203	
 -0.419	 -0.249	  0.583	     -1	  0.459	
 0.0699	-0.0139	 -0.203	  0.459	     -1	

posterior probs

  -	0.6	0.75	0.12	0.58	
0.6	  -	0.38	0.28	0.49	
0.75	0.38	  -	0.93	0.23	
0.12	0.28	0.93	  -	0.91	
0.58	0.49	0.23	0.91	  -	

