entries are in the following order:
dS
omega
body_mass
brain_mass
GI

covariances

  0.811	  0.192	  -1.12	  -1.28	 -0.195	
  0.192	   1.28	 -0.728	 -0.806	 -0.191	
  -1.12	 -0.728	   10.1	   6.85	  0.857	
  -1.28	 -0.806	   6.85	   5.55	  0.773	
 -0.195	 -0.191	  0.857	  0.773	  0.161	

correlation coefficients

      1	  0.224	 -0.406	 -0.624	 -0.556	
  0.224	      1	 -0.248	 -0.356	 -0.472	
 -0.406	 -0.248	      1	   0.91	  0.664	
 -0.624	 -0.356	   0.91	      1	  0.814	
 -0.556	 -0.472	  0.664	  0.814	      1	

posterior probs

  -	0.73	0.057	0.0045	0.0061	
0.73	  -	0.26	0.16	0.06	
0.057	0.26	  -	  1	  1	
0.0045	0.16	  1	  -	  1	
0.0061	0.06	  1	  1	  -	

precisions

   10.9	 -0.547	  -2.22	   5.37	  -1.37	
 -0.547	   66.1	  0.272	    4.1	   8.95	
  -2.22	  0.272	   2.01	  -3.17	    1.8	
   5.37	    4.1	  -3.17	   7.03	  -7.17	
  -1.37	   8.95	    1.8	  -7.17	   40.4	

partial correlation coefficients

     -1	-0.0935	  0.497	  -0.61	 0.0646	
-0.0935	     -1	   0.15	 -0.138	 -0.317	
  0.497	   0.15	     -1	  0.861	 -0.217	
  -0.61	 -0.138	  0.861	     -1	   0.47	
 0.0646	 -0.317	 -0.217	   0.47	     -1	

posterior probs

  -	0.41	0.95	0.016	0.58	
0.41	  -	0.67	0.35	0.16	
0.95	0.67	  -	  1	0.2	
0.016	0.35	  1	  -	0.96	
0.58	0.16	0.2	0.96	  -	

