entries are in the following order:
dS
omega
body_mass
brain_mass
GI

covariances

  0.293	 -0.199	  -1.43	  -1.08	  -0.12	
 -0.199	  0.449	   1.25	   1.08	   0.16	
  -1.43	   1.25	   12.6	   8.46	   1.03	
  -1.08	   1.08	   8.46	   6.83	  0.893	
  -0.12	   0.16	   1.03	  0.893	  0.175	

correlation coefficients

      1	 -0.599	 -0.797	 -0.825	 -0.577	
 -0.599	      1	  0.609	  0.695	  0.643	
 -0.797	  0.609	      1	  0.911	  0.689	
 -0.825	  0.695	  0.911	      1	  0.811	
 -0.577	  0.643	  0.689	  0.811	      1	

posterior probs

  -	0.13	0.011	0.0096	0.034	
0.13	  -	0.87	0.9	0.92	
0.011	0.87	  -	  1	  1	
0.0096	0.9	  1	  -	  1	
0.034	0.92	  1	  1	  -	

precisions

    551	    110	   7.47	     43	  -29.5	
    110	  1e+03	  -3.22	  -45.4	  -68.6	
   7.47	  -3.22	    2.2	  -1.08	 -0.164	
     43	  -45.4	  -1.08	   21.4	  -8.52	
  -29.5	  -68.6	 -0.164	  -8.52	   91.7	

partial correlation coefficients

     -1	  -0.19	 -0.169	 -0.398	  0.259	
  -0.19	     -1	  -0.03	  0.327	   0.27	
 -0.169	  -0.03	     -1	  0.315	-0.0441	
 -0.398	  0.327	  0.315	     -1	  0.319	
  0.259	   0.27	-0.0441	  0.319	     -1	

posterior probs

  -	0.34	0.36	0.17	0.73	
0.34	  -	0.47	0.76	0.72	
0.36	0.47	  -	0.77	0.43	
0.17	0.76	0.77	  -	0.79	
0.73	0.72	0.43	0.79	  -	

