entries are in the following order:
dS
omega
body_mass
brain_mass
GI

covariances

  0.297	-0.0336	  -1.06	 -0.909	-0.0984	
-0.0336	 0.0266	  0.188	  0.172	 0.0315	
  -1.06	  0.188	   9.98	   6.67	  0.869	
 -0.909	  0.172	   6.67	   5.54	  0.787	
-0.0984	 0.0315	  0.869	  0.787	  0.164	

correlation coefficients

      1	 -0.322	  -0.63	 -0.728	 -0.462	
 -0.322	      1	  0.369	  0.446	  0.475	
  -0.63	  0.369	      1	  0.894	  0.672	
 -0.728	  0.446	  0.894	      1	   0.82	
 -0.462	  0.475	  0.672	   0.82	      1	

posterior probs

  -	0.26	0.017	0.0057	0.05	
0.26	  -	0.75	0.77	0.82	
0.017	0.75	  -	  1	  1	
0.0057	0.77	  1	  -	  1	
0.05	0.82	  1	  1	  -	

precisions

     94	   6.07	 -0.981	   16.8	    -20	
   6.07	2.04e+03	  -1.74	  -25.4	   -117	
 -0.981	  -1.74	   1.57	  -1.97	   1.58	
   16.8	  -25.4	  -1.97	    9.6	  -13.2	
    -20	   -117	   1.58	  -13.2	   88.4	

partial correlation coefficients

     -1	-0.0265	  0.137	  -0.54	   0.33	
-0.0265	     -1	-0.00275	  0.161	  0.294	
  0.137	-0.00275	     -1	  0.552	 -0.177	
  -0.54	  0.161	  0.552	     -1	  0.517	
   0.33	  0.294	 -0.177	  0.517	     -1	

posterior probs

  -	0.48	0.64	0.07	0.81	
0.48	  -	0.49	0.64	0.74	
0.64	0.49	  -	0.93	0.29	
0.07	0.64	0.93	  -	0.92	
0.81	0.74	0.29	0.92	  -	

