entries are in the following order:
dS
omega
body_mass
brain_mass
GI

covariances

  0.392	-0.0818	  -1.26	  -1.05	 -0.148	
-0.0818	 0.0741	  0.396	   0.31	 0.0443	
  -1.26	  0.396	   9.28	   6.18	  0.839	
  -1.05	   0.31	   6.18	   4.93	  0.707	
 -0.148	 0.0443	  0.839	  0.707	  0.148	

correlation coefficients

      1	 -0.441	 -0.688	 -0.786	 -0.646	
 -0.441	      1	  0.437	  0.472	  0.393	
 -0.688	  0.437	      1	   0.91	  0.709	
 -0.786	  0.472	   0.91	      1	  0.823	
 -0.646	  0.393	  0.709	  0.823	      1	

posterior probs

  -	0.22	0.01	0.0035	0.01	
0.22	  -	0.77	0.77	0.76	
0.01	0.77	  -	  1	  1	
0.0035	0.77	  1	  -	  1	
0.01	0.76	  1	  1	  -	

precisions

    192	   80.2	  0.808	   29.7	   4.75	
   80.2	1.83e+03	  -7.12	  -30.7	  -21.3	
  0.808	  -7.12	   2.17	  -1.65	  0.994	
   29.7	  -30.7	  -1.65	     15	  -6.77	
   4.75	  -21.3	  0.994	  -6.77	   63.2	

partial correlation coefficients

     -1	 -0.174	 0.0712	 -0.415	0.00888	
 -0.174	     -1	 0.0931	  0.186	 0.0403	
 0.0712	 0.0931	     -1	  0.471	 -0.118	
 -0.415	  0.186	  0.471	     -1	  0.343	
0.00888	 0.0403	 -0.118	  0.343	     -1	

posterior probs

  -	0.36	0.58	0.14	0.52	
0.36	  -	0.58	0.66	0.53	
0.58	0.58	  -	0.87	0.33	
0.14	0.66	0.87	  -	0.83	
0.52	0.53	0.33	0.83	  -	

