entries are in the following order:
dS
omega
body_mass
brain_mass
GI

covariances

  0.999	 0.0429	 -0.732	  -1.02	 -0.172	
 0.0429	 0.0378	 -0.217	 -0.179	-0.0282	
 -0.732	 -0.217	   7.96	   5.45	  0.751	
  -1.02	 -0.179	   5.45	   4.49	  0.667	
 -0.172	-0.0282	  0.751	  0.667	  0.143	

correlation coefficients

      1	  0.215	 -0.274	 -0.496	 -0.467	
  0.215	      1	 -0.352	 -0.386	 -0.341	
 -0.274	 -0.352	      1	   0.91	  0.699	
 -0.496	 -0.386	   0.91	      1	  0.829	
 -0.467	 -0.341	  0.699	  0.829	      1	

posterior probs

  -	0.69	0.15	0.028	0.03	
0.69	  -	0.28	0.27	0.27	
0.15	0.28	  -	  1	  1	
0.028	0.27	  1	  -	  1	
0.03	0.27	  1	  1	  -	

precisions

   8.82	  -12.6	   -1.7	   3.41	 -0.932	
  -12.6	1.99e+03	   8.49	   23.5	   32.4	
   -1.7	   8.49	   2.87	  -3.04	   1.77	
   3.41	   23.5	  -3.04	   8.95	  -7.53	
 -0.932	   32.4	   1.77	  -7.53	     56	

partial correlation coefficients

     -1	 0.0906	  0.394	 -0.417	 0.0314	
 0.0906	     -1	-0.0987	 -0.162	-0.0901	
  0.394	-0.0987	     -1	  0.675	 -0.163	
 -0.417	 -0.162	  0.675	     -1	   0.41	
 0.0314	-0.0901	 -0.163	   0.41	     -1	

posterior probs

  -	0.57	0.87	0.11	0.53	
0.57	  -	0.42	0.36	0.43	
0.87	0.42	  -	0.96	0.28	
0.11	0.36	0.96	  -	0.9	
0.53	0.43	0.28	0.9	  -	

