entries are in the following order:
dS
omega
body_mass
brain_mass
GI

covariances

  0.605	-0.0505	  -1.66	  -1.32	 -0.152	
-0.0505	  0.153	 0.0318	-0.0253	-0.0277	
  -1.66	 0.0318	   8.89	   6.04	  0.773	
  -1.32	-0.0253	   6.04	   4.93	   0.69	
 -0.152	-0.0277	  0.773	   0.69	  0.141	

correlation coefficients

      1	-0.0553	 -0.739	 -0.796	  -0.55	
-0.0553	      1	-0.0282	-0.0731	  -0.19	
 -0.739	-0.0282	      1	   0.91	  0.685	
 -0.796	-0.0731	   0.91	      1	  0.825	
  -0.55	  -0.19	  0.685	  0.825	      1	

posterior probs

  -	0.46	0.0023	0.00087	0.02	
0.46	  -	0.49	0.46	0.38	
0.0023	0.49	  -	  1	  1	
0.00087	0.46	  1	  -	  1	
0.02	0.38	  1	  1	  -	

precisions

   94.8	   21.8	  0.213	   20.2	  -7.99	
   21.8	1.63e+03	 -0.545	   5.46	   76.5	
  0.213	 -0.545	   2.04	  -1.94	   1.02	
   20.2	   5.46	  -1.94	   13.1	  -17.5	
  -7.99	   76.5	   1.02	  -17.5	    131	

partial correlation coefficients

     -1	 -0.149	 0.0396	 -0.488	  0.163	
 -0.149	     -1	 0.0438	-0.0288	 -0.254	
 0.0396	 0.0438	     -1	  0.495	 -0.139	
 -0.488	-0.0288	  0.495	     -1	  0.497	
  0.163	 -0.254	 -0.139	  0.497	     -1	

posterior probs

  -	0.38	0.54	0.09	0.67	
0.38	  -	0.54	0.48	0.3	
0.54	0.54	  -	0.9	0.32	
0.09	0.48	0.9	  -	0.91	
0.67	0.3	0.32	0.91	  -	

