entries are in the following order:
dS
omega
body_mass
brain_mass
GI

covariances

   0.42	 0.0176	  -1.39	  -1.22	 -0.172	
 0.0176	 0.0466	 -0.179	 -0.129	-0.0191	
  -1.39	 -0.179	   9.79	   6.59	  0.895	
  -1.22	 -0.129	   6.59	    5.5	  0.791	
 -0.172	-0.0191	  0.895	  0.791	  0.164	

correlation coefficients

      1	  0.161	 -0.719	 -0.843	 -0.688	
  0.161	      1	 -0.226	 -0.221	 -0.193	
 -0.719	 -0.226	      1	  0.896	    0.7	
 -0.843	 -0.221	  0.896	      1	  0.829	
 -0.688	 -0.193	    0.7	  0.829	      1	

posterior probs

  -	0.61	0.0099	0.0014	0.0079	
0.61	  -	0.36	0.37	0.37	
0.0099	0.36	  -	  1	  1	
0.0014	0.37	  1	  -	  1	
0.0079	0.37	  1	  1	  -	

precisions

    216	  -23.1	  0.784	   34.2	   5.63	
  -23.1	2.08e+03	   7.07	     12	     24	
  0.784	   7.07	   2.28	  -1.97	   1.17	
   34.2	     12	  -1.97	   14.3	  -7.17	
   5.63	     24	   1.17	  -7.17	   66.4	

partial correlation coefficients

     -1	-0.00812	 0.0863	 -0.562	 0.0391	
-0.00812	     -1	 -0.107	-0.0709	-0.0556	
 0.0863	 -0.107	     -1	  0.447	 -0.125	
 -0.562	-0.0709	  0.447	     -1	  0.339	
 0.0391	-0.0556	 -0.125	  0.339	     -1	

posterior probs

  -	0.49	0.59	0.07	0.55	
0.49	  -	0.41	0.44	0.46	
0.59	0.41	  -	0.86	0.34	
0.07	0.44	0.86	  -	0.81	
0.55	0.46	0.34	0.81	  -	

