entries are in the following order:
dS
omega
body_mass
brain_mass
GI

covariances

  0.489	-0.0724	  -1.41	  -1.32	 -0.179	
-0.0724	 0.0298	  0.361	  0.285	 0.0383	
  -1.41	  0.361	   10.5	   7.07	  0.857	
  -1.32	  0.285	   7.07	   5.76	   0.76	
 -0.179	 0.0383	  0.857	   0.76	  0.155	

correlation coefficients

      1	 -0.594	  -0.64	 -0.804	 -0.668	
 -0.594	      1	  0.651	  0.701	  0.585	
  -0.64	  0.651	      1	  0.905	  0.665	
 -0.804	  0.701	  0.905	      1	  0.801	
 -0.668	  0.585	  0.665	  0.801	      1	

posterior probs

  -	0.1	0.0084	0.00048	0.0017	
0.1	  -	0.9	0.91	0.91	
0.0084	0.9	  -	  1	  1	
0.00048	0.91	  1	  -	  1	
0.0017	0.91	  1	  1	  -	

precisions

   58.2	   40.5	  -2.22	     13	 -0.625	
   40.5	2.02e+03	  -12.8	  -45.2	  -45.3	
  -2.22	  -12.8	   1.96	  -2.19	   1.52	
     13	  -45.2	  -2.19	   10.1	  -6.34	
 -0.625	  -45.3	   1.52	  -6.34	   46.6	

partial correlation coefficients

     -1	 -0.111	  0.284	 -0.496	 0.0399	
 -0.111	     -1	  0.175	  0.302	  0.112	
  0.284	  0.175	     -1	  0.566	 -0.184	
 -0.496	  0.302	  0.566	     -1	   0.35	
 0.0399	  0.112	 -0.184	   0.35	     -1	

posterior probs

  -	0.41	0.77	0.091	0.54	
0.41	  -	0.64	0.76	0.59	
0.77	0.64	  -	0.92	0.26	
0.091	0.76	0.92	  -	0.85	
0.54	0.59	0.26	0.85	  -	

