entries are in the following order:
dS
omega
body_mass
brain_mass
GI

covariances

   1.33	 0.0646	   -1.7	  -1.61	 -0.216	
 0.0646	  0.025	 -0.204	 -0.172	-0.0244	
   -1.7	 -0.204	   9.13	   6.17	  0.793	
  -1.61	 -0.172	   6.17	   5.15	  0.728	
 -0.216	-0.0244	  0.793	  0.728	  0.153	

correlation coefficients

      1	  0.374	 -0.494	 -0.623	 -0.485	
  0.374	      1	 -0.438	 -0.492	 -0.405	
 -0.494	 -0.438	      1	  0.897	  0.666	
 -0.623	 -0.492	  0.897	      1	  0.817	
 -0.485	 -0.405	  0.666	  0.817	      1	

posterior probs

  -	0.8	0.015	0.002	0.013	
0.8	  -	0.2	0.19	0.2	
0.015	0.2	  -	  1	  1	
0.002	0.19	  1	  -	  1	
0.013	0.2	  1	  1	  -	

precisions

   4.83	  -18.9	 -0.405	   1.27	  -1.34	
  -18.9	1.95e+03	   5.03	   24.3	     21	
 -0.405	   5.03	   1.39	  -1.58	   1.47	
   1.27	   24.3	  -1.58	    5.1	     -7	
  -1.34	     21	   1.47	     -7	   43.8	

partial correlation coefficients

     -1	  0.188	  0.177	 -0.308	  0.102	
  0.188	     -1	 -0.069	 -0.229	-0.0452	
  0.177	 -0.069	     -1	  0.647	 -0.218	
 -0.308	 -0.229	  0.647	     -1	  0.516	
  0.102	-0.0452	 -0.218	  0.516	     -1	

posterior probs

  -	0.65	0.7	0.18	0.63	
0.65	  -	0.44	0.3	0.46	
0.7	0.44	  -	0.97	0.2	
0.18	0.3	0.97	  -	0.95	
0.63	0.46	0.2	0.95	  -	

