entries are in the following order:
dS
omega
body_mass
brain_mass
GI

covariances

   0.48	-0.0164	  -1.64	  -1.43	 -0.195	
-0.0164	 0.0195	 0.0453	 0.0443	0.00751	
  -1.64	 0.0453	   10.7	   7.03	  0.898	
  -1.43	 0.0443	   7.03	   5.69	  0.785	
 -0.195	0.00751	  0.898	  0.785	  0.165	

correlation coefficients

      1	 -0.123	 -0.737	 -0.885	 -0.708	
 -0.123	      1	 0.0848	  0.114	  0.114	
 -0.737	 0.0848	      1	  0.898	  0.669	
 -0.885	  0.114	  0.898	      1	  0.805	
 -0.708	  0.114	  0.669	  0.805	      1	

posterior probs

  -	0.42	0.0019	3.4e-05	0.0011	
0.42	  -	0.56	0.57	0.58	
0.0019	0.56	  -	  1	  1	
3.4e-05	0.57	  1	  -	  1	
0.0011	0.58	  1	  1	  -	

precisions

    153	   19.4	  -2.37	   36.6	 -0.912	
   19.4	2.5e+03	   1.35	  -8.27	  -20.2	
  -2.37	   1.35	   1.89	  -2.68	   1.19	
   36.6	  -8.27	  -2.68	   16.2	  -7.82	
 -0.912	  -20.2	   1.19	  -7.82	   50.1	

partial correlation coefficients

     -1	-0.0504	  0.213	 -0.649	 0.0617	
-0.0504	     -1	-0.0224	 0.0385	 0.0555	
  0.213	-0.0224	     -1	   0.54	  -0.15	
 -0.649	 0.0385	   0.54	     -1	  0.344	
 0.0617	 0.0555	  -0.15	  0.344	     -1	

posterior probs

  -	0.46	0.7	0.036	0.56	
0.46	  -	0.48	0.53	0.54	
0.7	0.48	  -	0.91	0.31	
0.036	0.53	0.91	  -	0.82	
0.56	0.54	0.31	0.82	  -	

