entries are in the following order:
dS
omega
body_mass
brain_mass
GI

covariances

   0.68	   0.37	  -2.16	  -1.77	 -0.265	
   0.37	  0.602	   -1.4	  -1.13	 -0.166	
  -2.16	   -1.4	   9.99	   6.93	  0.948	
  -1.77	  -1.13	   6.93	   5.73	  0.829	
 -0.265	 -0.166	  0.948	  0.829	  0.166	

correlation coefficients

      1	  0.598	 -0.853	 -0.929	 -0.811	
  0.598	      1	 -0.581	 -0.615	 -0.529	
 -0.853	 -0.581	      1	  0.914	  0.729	
 -0.929	 -0.615	  0.914	      1	  0.845	
 -0.811	 -0.529	  0.729	  0.845	      1	

posterior probs

  -	0.83	0.001	0.00042	0.0016	
0.83	  -	0.17	0.17	0.17	
0.001	0.17	  -	  1	  1	
0.00042	0.17	  1	  -	  1	
0.0016	0.17	  1	  1	  -	

precisions

    447	   -144	   4.64	     78	   34.5	
   -144	1.47e+03	   10.8	   59.1	   25.2	
   4.64	   10.8	   4.33	  -1.29	   2.02	
     78	   59.1	  -1.29	   48.2	  -1.06	
   34.5	   25.2	   2.02	  -1.06	    111	

partial correlation coefficients

     -1	  0.201	-0.0424	 -0.479	  -0.13	
  0.201	     -1	  -0.13	 -0.242	-0.0592	
-0.0424	  -0.13	     -1	  0.253	 -0.134	
 -0.479	 -0.242	  0.253	     -1	  0.136	
  -0.13	-0.0592	 -0.134	  0.136	     -1	

posterior probs

  -	0.67	0.47	0.13	0.39	
0.67	  -	0.4	0.3	0.45	
0.47	0.4	  -	0.72	0.34	
0.13	0.3	0.72	  -	0.63	
0.39	0.45	0.34	0.63	  -	

