entries are in the following order:
dS
omega
body_mass
brain_mass
GI

covariances

   1.73	0.00856	   1.07	  0.411	-0.0283	
0.00856	 0.0337	  0.223	  0.176	 0.0291	
   1.07	  0.223	   8.64	   5.71	  0.766	
  0.411	  0.176	   5.71	   4.76	  0.696	
-0.0283	 0.0291	  0.766	  0.696	   0.15	

correlation coefficients

      1	 0.0314	  0.279	  0.141	-0.0646	
 0.0314	      1	  0.385	  0.412	  0.389	
  0.279	  0.385	      1	  0.888	  0.667	
  0.141	  0.412	  0.888	      1	   0.82	
-0.0646	  0.389	  0.667	   0.82	      1	

posterior probs

  -	0.54	0.86	0.71	0.4	
0.54	  -	0.75	0.76	0.77	
0.86	0.75	  -	  1	  1	
0.71	0.76	  1	  -	  1	
0.4	0.77	  1	  1	  -	

precisions

   2.45	 -0.196	 -0.406	  0.101	    2.1	
 -0.196	1.86e+03	  -8.39	  -14.4	  -63.7	
 -0.406	  -8.39	    1.6	  -1.22	  0.792	
  0.101	  -14.4	  -1.22	   4.12	  -5.53	
    2.1	  -63.7	  0.792	  -5.53	   57.7	

partial correlation coefficients

     -1	0.00313	  0.225	-0.0228	 -0.205	
0.00313	     -1	  0.144	  0.139	  0.194	
  0.225	  0.144	     -1	  0.575	 -0.105	
-0.0228	  0.139	  0.575	     -1	  0.455	
 -0.205	  0.194	 -0.105	  0.455	     -1	

posterior probs

  -	0.51	0.75	0.47	0.25	
0.51	  -	0.62	0.61	0.66	
0.75	0.62	  -	0.95	0.35	
0.47	0.61	0.95	  -	0.91	
0.25	0.66	0.35	0.91	  -	

