entries are in the following order:
dS
omega
body_mass
brain_mass
GI

covariances

  0.203	0.00593	 -0.924	 -0.802	 -0.131	
0.00593	   3.59	  0.765	  0.377	 0.0275	
 -0.924	  0.765	   9.86	   6.76	  0.921	
 -0.802	  0.377	   6.76	   5.54	  0.797	
 -0.131	 0.0275	  0.921	  0.797	  0.161	

correlation coefficients

      1	9.79e-06	  -0.69	   -0.8	 -0.766	
9.79e-06	      1	  0.146	  0.104	  0.054	
  -0.69	  0.146	      1	  0.913	  0.724	
   -0.8	  0.104	  0.913	      1	  0.839	
 -0.766	  0.054	  0.724	  0.839	      1	

posterior probs

  -	0.5	0.014	0.0037	0.0027	
0.5	  -	0.7	0.64	0.58	
0.014	0.7	  -	  1	  1	
0.0037	0.64	  1	  -	  1	
0.0027	0.58	  1	  1	  -	

precisions

    233	  -1.55	 -0.117	   24.7	   48.9	
  -1.55	   2.33	-0.0933	  -0.38	 -0.394	
 -0.117	-0.0933	   1.21	  -1.59	  0.746	
   24.7	  -0.38	  -1.59	   6.41	  -2.65	
   48.9	 -0.394	  0.746	  -2.65	   57.4	

partial correlation coefficients

     -1	  0.148	  0.102	 -0.513	 -0.333	
  0.148	     -1	 0.0831	 0.0534	 0.0144	
  0.102	 0.0831	     -1	  0.661	  -0.12	
 -0.513	 0.0534	  0.661	     -1	  0.273	
 -0.333	 0.0144	  -0.12	  0.273	     -1	

posterior probs

  -	0.63	0.61	0.08	0.21	
0.63	  -	0.61	0.56	0.51	
0.61	0.61	  -	0.95	0.3	
0.08	0.56	0.95	  -	0.79	
0.21	0.51	0.3	0.79	  -	

