entries are in the following order:
dS
omega
body_mass
brain_mass
GI

covariances

  0.656	-0.0455	  -1.48	  -1.19	-0.0871	
-0.0455	 0.0473	  0.236	  0.203	 0.0341	
  -1.48	  0.236	   9.41	   6.25	  0.797	
  -1.19	  0.203	   6.25	   5.14	  0.714	
-0.0871	 0.0341	  0.797	  0.714	  0.149	

correlation coefficients

      1	 -0.224	 -0.605	 -0.666	 -0.293	
 -0.224	      1	  0.329	  0.381	  0.378	
 -0.605	  0.329	      1	  0.895	  0.664	
 -0.666	  0.381	  0.895	      1	  0.809	
 -0.293	  0.378	  0.664	  0.809	      1	

posterior probs

  -	0.33	0.013	0.0047	0.14	
0.33	  -	0.71	0.73	0.75	
0.013	0.71	  -	  1	  1	
0.0047	0.73	  1	  -	  1	
0.14	0.75	  1	  1	  -	

precisions

   43.8	     11	 -0.513	   12.6	  -29.2	
     11	2.03e+03	  -2.84	  -27.4	    -93	
 -0.513	  -2.84	   1.65	  -1.89	   2.26	
   12.6	  -27.4	  -1.89	   12.5	  -21.7	
  -29.2	    -93	   2.26	  -21.7	    133	

partial correlation coefficients

     -1	-0.0218	  0.111	 -0.547	  0.482	
-0.0218	     -1	 0.0271	  0.159	   0.19	
  0.111	 0.0271	     -1	  0.494	 -0.181	
 -0.547	  0.159	  0.494	     -1	  0.584	
  0.482	   0.19	 -0.181	  0.584	     -1	

posterior probs

  -	0.48	0.61	0.067	0.9	
0.48	  -	0.52	0.64	0.65	
0.61	0.52	  -	0.91	0.3	
0.067	0.64	0.91	  -	0.94	
0.9	0.65	0.3	0.94	  -	

