entries are in the following order:
dS
omega
body_mass
brain_mass
GI

covariances

 0.0886	 0.0256	 -0.549	 -0.453	-0.0722	
 0.0256	  0.856	 -0.253	 -0.207	-0.0359	
 -0.549	 -0.253	   8.95	   6.05	  0.829	
 -0.453	 -0.207	   6.05	   5.04	   0.74	
-0.0722	-0.0359	  0.829	   0.74	  0.157	

correlation coefficients

      1	0.00754	 -0.657	 -0.722	 -0.655	
0.00754	      1	-0.00819	-0.0114	-0.0165	
 -0.657	-0.00819	      1	  0.897	  0.694	
 -0.722	-0.0114	  0.897	      1	  0.828	
 -0.655	-0.0165	  0.694	  0.828	      1	

posterior probs

  -	0.5	0.094	0.084	0.084	
0.5	  -	0.49	0.49	0.49	
0.094	0.49	  -	  1	  1	
0.084	0.49	  1	  -	  1	
0.084	0.49	  1	  1	  -	

precisions

1.46e+03	   6.33	    9.5	   42.3	   89.3	
   6.33	1.74e+03	  0.478	  0.188	 -0.186	
    9.5	  0.478	   2.91	  -1.14	   1.11	
   42.3	  0.188	  -1.14	   13.2	  -3.87	
   89.3	 -0.186	   1.11	  -3.87	    128	

partial correlation coefficients

     -1	-0.00184	 -0.105	 -0.321	 -0.186	
-0.00184	     -1	-0.00247	-0.00121	-0.0158	
 -0.105	-0.00247	     -1	  0.355	 -0.106	
 -0.321	-0.00121	  0.355	     -1	  0.238	
 -0.186	-0.0158	 -0.106	  0.238	     -1	

posterior probs

  -	0.5	0.41	0.24	0.35	
0.5	  -	0.5	0.5	0.49	
0.41	0.5	  -	0.8	0.37	
0.24	0.5	0.8	  -	0.72	
0.35	0.49	0.37	0.72	  -	

