entries are in the following order:
dS
omega
body_mass
brain_mass
GI

covariances

   2.19	 -0.225	   -1.2	  -1.43	 -0.185	
 -0.225	  0.106	  0.496	  0.425	 0.0589	
   -1.2	  0.496	   8.39	   5.61	  0.729	
  -1.43	  0.425	   5.61	   4.55	  0.653	
 -0.185	 0.0589	  0.729	  0.653	  0.141	

correlation coefficients

      1	 -0.481	 -0.287	 -0.456	 -0.338	
 -0.481	      1	  0.609	  0.696	  0.558	
 -0.287	  0.609	      1	  0.905	  0.665	
 -0.456	  0.696	  0.905	      1	  0.811	
 -0.338	  0.558	  0.665	  0.811	      1	

posterior probs

  -	0.088	0.098	0.014	0.058	
0.088	  -	0.92	0.93	0.92	
0.098	0.92	  -	  1	  1	
0.014	0.93	  1	  -	  1	
0.058	0.92	  1	  1	  -	

precisions

   3.42	     15	 -0.495	  0.424	  -1.37	
     15	1.05e+03	  -6.08	  -35.6	  -20.9	
 -0.495	  -6.08	   1.77	  -2.05	   2.01	
  0.424	  -35.6	  -2.05	   7.89	  -8.23	
  -1.37	  -20.9	   2.01	  -8.23	   46.7	

partial correlation coefficients

     -1	 -0.312	  0.287	 -0.217	  0.144	
 -0.312	     -1	 0.0713	  0.397	 0.0263	
  0.287	 0.0713	     -1	  0.643	 -0.253	
 -0.217	  0.397	  0.643	     -1	  0.503	
  0.144	 0.0263	 -0.253	  0.503	     -1	

posterior probs

  -	0.26	0.82	0.26	0.69	
0.26	  -	0.55	0.84	0.51	
0.82	0.55	  -	0.95	0.17	
0.26	0.84	0.95	  -	0.93	
0.69	0.51	0.17	0.93	  -	

