entries are in the following order:
dS
omega
body_mass
brain_mass
GI

covariances

  0.428	 -0.186	  -1.41	   -1.2	 -0.188	
 -0.186	  0.219	  0.844	   0.67	  0.121	
  -1.41	  0.844	   9.29	   6.26	  0.821	
   -1.2	   0.67	   6.26	   5.13	  0.726	
 -0.188	  0.121	  0.821	  0.726	   0.15	

correlation coefficients

      1	 -0.635	 -0.731	 -0.843	 -0.773	
 -0.635	      1	  0.658	  0.705	  0.736	
 -0.731	  0.658	      1	  0.903	  0.689	
 -0.843	  0.705	  0.903	      1	  0.822	
 -0.773	  0.736	  0.689	  0.822	      1	

posterior probs

  -	0.059	0.0088	0.0021	0.0029	
0.059	  -	0.95	0.96	0.98	
0.0088	0.95	  -	  1	  1	
0.0021	0.96	  1	  -	  1	
0.0029	0.98	  1	  1	  -	

precisions

    233	   46.7	   2.35	   31.7	     64	
   46.7	    603	  -8.98	  -18.5	   -111	
   2.35	  -8.98	   2.39	  -1.48	   3.15	
   31.7	  -18.5	  -1.48	   13.4	  -1.66	
     64	   -111	   3.15	  -1.66	    178	

partial correlation coefficients

     -1	 0.0304	 0.0156	  -0.48	 -0.252	
 0.0304	     -1	  0.222	  0.112	  0.438	
 0.0156	  0.222	     -1	  0.457	  -0.21	
  -0.48	  0.112	  0.457	     -1	  0.159	
 -0.252	  0.438	  -0.21	  0.159	     -1	

posterior probs

  -	0.53	0.52	0.11	0.29	
0.53	  -	0.69	0.59	0.84	
0.52	0.69	  -	0.86	0.26	
0.11	0.59	0.86	  -	0.66	
0.29	0.84	0.26	0.66	  -	

