entries are in the following order:
dS
omega
body_mass
brain_mass
GI

covariances

  0.194	-0.0248	 -0.982	 -0.763	  -0.11	
-0.0248	 0.0586	  0.125	 0.0924	 0.0144	
 -0.982	  0.125	   7.48	   5.21	  0.752	
 -0.763	 0.0924	   5.21	   4.37	  0.666	
  -0.11	 0.0144	  0.752	  0.666	   0.14	

correlation coefficients

      1	 -0.126	 -0.867	 -0.887	 -0.721	
 -0.126	      1	  0.128	  0.121	  0.106	
 -0.867	  0.128	      1	  0.908	  0.728	
 -0.887	  0.121	  0.908	      1	  0.846	
 -0.721	  0.106	  0.728	  0.846	      1	

posterior probs

  -	0.43	0.0077	0.0078	0.016	
0.43	  -	0.57	0.57	0.57	
0.0077	0.57	  -	  1	  1	
0.0078	0.57	  1	  -	  1	
0.016	0.57	  1	  1	  -	

precisions

    779	     36	   25.5	   55.9	   16.4	
     36	2.14e+03	  -8.14	  -3.81	  -11.4	
   25.5	  -8.14	   6.37	 -0.873	  0.552	
   55.9	  -3.81	 -0.873	   17.4	  -9.27	
   16.4	  -11.4	  0.552	  -9.27	    102	

partial correlation coefficients

     -1	-0.0296	 -0.311	  -0.45	 0.0204	
-0.0296	     -1	  0.063	0.00799	 0.0295	
 -0.311	  0.063	     -1	  0.212	-0.0682	
  -0.45	0.00799	  0.212	     -1	  0.332	
 0.0204	 0.0295	-0.0682	  0.332	     -1	

posterior probs

  -	0.48	0.25	0.15	0.52	
0.48	  -	0.55	0.5	0.52	
0.25	0.55	  -	0.7	0.41	
0.15	0.5	0.7	  -	0.8	
0.52	0.52	0.41	0.8	  -	

