entries are in the following order:
dS
omega
body_mass
brain_mass
GI

covariances

  0.695	  0.651	 -0.487	 -0.689	 -0.126	
  0.651	   3.43	  -1.27	  -1.85	 -0.416	
 -0.487	  -1.27	   9.49	    6.3	  0.798	
 -0.689	  -1.85	    6.3	   5.14	   0.72	
 -0.126	 -0.416	  0.798	   0.72	  0.153	

correlation coefficients

      1	  0.504	 -0.271	 -0.457	 -0.472	
  0.504	      1	 -0.239	 -0.465	  -0.61	
 -0.271	 -0.239	      1	  0.899	  0.656	
 -0.457	 -0.465	  0.899	      1	  0.807	
 -0.472	  -0.61	  0.656	  0.807	      1	

posterior probs

  -	0.92	0.25	0.095	0.068	
0.92	  -	0.22	0.067	0.021	
0.25	0.22	  -	  1	  1	
0.095	0.067	  1	  -	  1	
0.068	0.021	  1	  1	  -	

precisions

   89.8	  -9.79	 -0.302	   8.77	   6.71	
  -9.79	   5.43	 -0.827	  0.652	   5.41	
 -0.302	 -0.827	   1.74	  -2.38	 -0.331	
   8.77	  0.652	  -2.38	   5.48	  -3.85	
   6.71	   5.41	 -0.331	  -3.85	   50.5	

partial correlation coefficients

     -1	  0.288	  0.191	 -0.329	-0.00131	
  0.288	     -1	   0.33	 -0.188	 -0.375	
  0.191	   0.33	     -1	  0.803	-0.00615	
 -0.329	 -0.188	  0.803	     -1	  0.319	
-0.00131	 -0.375	-0.00615	  0.319	     -1	

posterior probs

  -	0.73	0.71	0.16	0.5	
0.73	  -	0.83	0.3	0.15	
0.71	0.83	  -	0.99	0.48	
0.16	0.3	0.99	  -	0.86	
0.5	0.15	0.48	0.86	  -	

