entries are in the following order:
dS
omega
body_mass
brain_mass
GI

covariances

  0.681	-0.0142	  -1.07	  -1.18	 -0.158	
-0.0142	 0.0517	  0.244	  0.153	  0.022	
  -1.07	  0.244	   9.08	   6.12	  0.782	
  -1.18	  0.153	   6.12	    5.1	  0.722	
 -0.158	  0.022	  0.782	  0.722	   0.15	

correlation coefficients

      1	  -0.11	 -0.452	 -0.662	 -0.515	
  -0.11	      1	  0.427	  0.388	  0.337	
 -0.452	  0.427	      1	  0.897	  0.664	
 -0.662	  0.388	  0.897	      1	   0.82	
 -0.515	  0.337	  0.664	   0.82	      1	

posterior probs

  -	0.39	0.044	0.0025	0.014	
0.39	  -	0.78	0.74	0.74	
0.044	0.78	  -	  1	  1	
0.0025	0.74	  1	  -	  1	
0.014	0.74	  1	  1	  -	

precisions

   29.7	  -32.3	  -1.63	   8.44	  -4.58	
  -32.3	1.68e+03	  -13.6	  -23.1	    -39	
  -1.63	  -13.6	   2.52	  -2.95	   2.96	
   8.44	  -23.1	  -2.95	    9.1	  -10.6	
  -4.58	    -39	   2.96	  -10.6	   54.5	

partial correlation coefficients

     -1	  0.219	  0.312	 -0.559	   0.18	
  0.219	     -1	  0.208	   0.17	  0.107	
  0.312	  0.208	     -1	  0.665	 -0.283	
 -0.559	   0.17	  0.665	     -1	  0.524	
   0.18	  0.107	 -0.283	  0.524	     -1	

posterior probs

  -	0.67	0.79	0.048	0.7	
0.67	  -	0.67	0.66	0.59	
0.79	0.67	  -	0.96	0.17	
0.048	0.66	0.96	  -	0.94	
0.7	0.59	0.17	0.94	  -	

