entries are in the following order:
dS
omega
body_mass
brain_mass
GI

covariances

   2.01	-0.0297	  -1.56	  -1.47	 -0.142	
-0.0297	 0.0201	  0.133	 0.0982	 0.0112	
  -1.56	  0.133	   10.9	   7.08	  0.759	
  -1.47	 0.0982	   7.08	   5.44	  0.663	
 -0.142	 0.0112	  0.759	  0.663	  0.141	

correlation coefficients

      1	 -0.128	 -0.335	 -0.446	 -0.271	
 -0.128	      1	  0.229	  0.243	  0.173	
 -0.335	  0.229	      1	  0.916	  0.606	
 -0.446	  0.243	  0.916	      1	  0.752	
 -0.271	  0.173	  0.606	  0.752	      1	

posterior probs

  -	0.37	0.089	0.028	0.11	
0.37	  -	0.64	0.65	0.64	
0.089	0.64	  -	  1	  1	
0.028	0.65	  1	  -	  1	
0.11	0.64	  1	  1	  -	

precisions

   1.77	   2.71	 -0.289	  0.876	  -1.14	
   2.71	2.2e+03	  -3.45	  -14.4	  -2.55	
 -0.289	  -3.45	   1.49	  -1.66	   1.65	
  0.876	  -14.4	  -1.66	   4.83	  -6.48	
  -1.14	  -2.55	   1.65	  -6.48	   39.9	

partial correlation coefficients

     -1	-0.0353	  0.201	 -0.326	  0.156	
-0.0353	     -1	 0.0535	  0.141	-0.0063	
  0.201	 0.0535	     -1	  0.693	 -0.255	
 -0.326	  0.141	  0.693	     -1	  0.513	
  0.156	-0.0063	 -0.255	  0.513	     -1	

posterior probs

  -	0.47	0.74	0.14	0.7	
0.47	  -	0.54	0.62	0.49	
0.74	0.54	  -	0.97	0.18	
0.14	0.62	0.97	  -	0.95	
0.7	0.49	0.18	0.95	  -	

