entries are in the following order:
dS
omega
body_mass
brain_mass
GI

covariances

  0.406	 0.0141	  -1.44	  -1.29	 -0.179	
 0.0141	 0.0306	 -0.191	 -0.121	-0.0132	
  -1.44	 -0.191	   10.5	   6.99	  0.903	
  -1.29	 -0.121	   6.99	   5.71	  0.788	
 -0.179	-0.0132	  0.903	  0.788	  0.163	

correlation coefficients

      1	  0.164	 -0.702	 -0.856	 -0.709	
  0.164	      1	 -0.314	 -0.278	 -0.182	
 -0.702	 -0.314	      1	    0.9	  0.683	
 -0.856	 -0.278	    0.9	      1	  0.812	
 -0.709	 -0.182	  0.683	  0.812	      1	

posterior probs

  -	0.62	0.0065	6.8e-05	0.0018	
0.62	  -	0.3	0.32	0.35	
0.0065	0.3	  -	  1	  1	
6.8e-05	0.32	  1	  -	  1	
0.0018	0.35	  1	  1	  -	

precisions

    131	   2.23	  -1.86	   30.6	   2.53	
   2.23	2.14e+03	   11.4	   14.4	  -17.5	
  -1.86	   11.4	   2.09	  -2.45	  0.682	
   30.6	   14.4	  -2.45	   13.1	  -7.02	
   2.53	  -17.5	  0.682	  -7.02	   48.9	

partial correlation coefficients

     -1	-0.0554	  0.184	 -0.637	 0.0154	
-0.0554	     -1	 -0.184	 -0.106	  0.071	
  0.184	 -0.184	     -1	  0.536	 -0.109	
 -0.637	 -0.106	  0.536	     -1	  0.344	
 0.0154	  0.071	 -0.109	  0.344	     -1	

posterior probs

  -	0.45	0.68	0.035	0.52	
0.45	  -	0.35	0.4	0.56	
0.68	0.35	  -	0.91	0.35	
0.035	0.4	0.91	  -	0.83	
0.52	0.56	0.35	0.83	  -	

