entries are in the following order:
dS
omega
body_mass
brain_mass
GI

covariances

  0.243	 0.0837	  -1.07	 -0.839	 -0.117	
 0.0837	  0.615	 -0.796	 -0.593	-0.0858	
  -1.07	 -0.796	   8.62	   5.82	  0.757	
 -0.839	 -0.593	   5.82	   4.73	  0.665	
 -0.117	-0.0858	  0.757	  0.665	  0.139	

correlation coefficients

      1	  0.368	 -0.799	 -0.852	 -0.704	
  0.368	      1	 -0.402	 -0.413	 -0.345	
 -0.799	 -0.402	      1	  0.909	  0.686	
 -0.852	 -0.413	  0.909	      1	  0.816	
 -0.704	 -0.345	  0.686	  0.816	      1	

posterior probs

  -	0.72	0.028	0.025	0.028	
0.72	  -	0.26	0.26	0.27	
0.028	0.26	  -	  1	  1	
0.025	0.26	  1	  -	  1	
0.028	0.27	  1	  1	  -	

precisions

    862	  -94.7	   13.4	   57.8	   35.7	
  -94.7	1.66e+03	   9.94	   22.6	   23.4	
   13.4	   9.94	   4.86	  -1.14	   1.76	
   57.8	   22.6	  -1.14	   20.7	  -5.97	
   35.7	   23.4	   1.76	  -5.97	   97.7	

partial correlation coefficients

     -1	  0.101	 -0.145	 -0.448	-0.0737	
  0.101	     -1	 -0.133	 -0.125	-0.0566	
 -0.145	 -0.133	     -1	  0.287	 -0.136	
 -0.448	 -0.125	  0.287	     -1	  0.263	
-0.0737	-0.0566	 -0.136	  0.263	     -1	

posterior probs

  -	0.59	0.38	0.15	0.44	
0.59	  -	0.4	0.4	0.46	
0.38	0.4	  -	0.75	0.33	
0.15	0.4	0.75	  -	0.75	
0.44	0.46	0.33	0.75	  -	

