entries are in the following order:
dS
omega
body_mass
brain_mass
GI

covariances

   1.05	-0.0265	  -1.99	  -1.53	 -0.142	
-0.0265	 0.0165	 0.0958	 0.0796	 0.0131	
  -1.99	 0.0958	    8.7	   5.84	  0.733	
  -1.53	 0.0796	   5.84	   4.79	  0.674	
 -0.142	 0.0131	  0.733	  0.674	  0.143	

correlation coefficients

      1	 -0.165	 -0.672	   -0.7	 -0.382	
 -0.165	      1	  0.224	  0.253	  0.242	
 -0.672	  0.224	      1	  0.902	   0.65	
   -0.7	  0.253	  0.902	      1	  0.808	
 -0.382	  0.242	   0.65	  0.808	      1	

posterior probs

  -	0.38	0.0016	0.00098	0.055	
0.38	  -	0.65	0.65	0.67	
0.0016	0.65	  -	  1	  1	
0.00098	0.65	  1	  -	  1	
0.055	0.67	  1	  1	  -	

precisions

   12.9	  0.538	  0.069	   4.14	  -8.02	
  0.538	2.3e+03	  -3.45	  -14.6	  -45.3	
  0.069	  -3.45	   1.56	  -1.62	   1.55	
   4.14	  -14.6	  -1.62	   6.79	  -11.6	
  -8.02	  -45.3	   1.55	  -11.6	   69.6	

partial correlation coefficients

     -1	0.00309	0.00627	  -0.43	  0.342	
0.00309	     -1	 0.0413	  0.109	  0.106	
0.00627	 0.0413	     -1	  0.559	  -0.19	
  -0.43	  0.109	  0.559	     -1	  0.587	
  0.342	  0.106	  -0.19	  0.587	     -1	

posterior probs

  -	0.5	0.51	0.095	0.85	
0.5	  -	0.53	0.6	0.59	
0.51	0.53	  -	0.95	0.25	
0.095	0.6	0.95	  -	0.96	
0.85	0.59	0.25	0.96	  -	

