entries are in the following order:
dS
omega
body_mass
brain_mass
GI

covariances

   1.74	  0.105	  -1.84	  -1.81	 -0.265	
  0.105	  0.143	 -0.528	 -0.394	-0.0629	
  -1.84	 -0.528	   7.84	   5.28	  0.687	
  -1.81	 -0.394	   5.28	   4.35	  0.629	
 -0.265	-0.0629	  0.687	  0.629	  0.137	

correlation coefficients

      1	  0.269	 -0.501	 -0.664	 -0.544	
  0.269	      1	 -0.533	 -0.544	 -0.484	
 -0.501	 -0.533	      1	  0.902	  0.658	
 -0.664	 -0.544	  0.902	      1	  0.812	
 -0.544	 -0.484	  0.658	  0.812	      1	

posterior probs

  -	0.74	0.017	0.0017	0.0077	
0.74	  -	0.17	0.17	0.17	
0.017	0.17	  -	  1	  1	
0.0017	0.17	  1	  -	  1	
0.0077	0.17	  1	  1	  -	

precisions

   6.03	   2.42	 -0.378	      3	   0.22	
   2.42	1.37e+03	   13.6	   24.6	   56.4	
 -0.378	   13.6	   2.69	  -1.94	   2.77	
      3	   24.6	  -1.94	   8.62	  -6.83	
   0.22	   56.4	   2.77	  -6.83	     69	

partial correlation coefficients

     -1	 -0.113	  0.196	 -0.424	 0.0341	
 -0.113	     -1	 -0.243	 -0.215	 -0.217	
  0.196	 -0.243	     -1	  0.571	 -0.256	
 -0.424	 -0.215	  0.571	     -1	  0.406	
 0.0341	 -0.217	 -0.256	  0.406	     -1	

posterior probs

  -	0.41	0.72	0.099	0.55	
0.41	  -	0.31	0.32	0.33	
0.72	0.31	  -	0.92	0.19	
0.099	0.32	0.92	  -	0.88	
0.55	0.33	0.19	0.88	  -	

