entries are in the following order:
dS
omega
body_mass
brain_mass
GI

covariances

  0.634	-0.0596	 -0.898	  -1.07	 -0.155	
-0.0596	 0.0518	   0.25	  0.213	  0.034	
 -0.898	   0.25	   9.22	   6.32	  0.828	
  -1.07	  0.213	   6.32	    5.2	  0.736	
 -0.155	  0.034	  0.828	  0.736	  0.152	

correlation coefficients

      1	 -0.258	 -0.388	 -0.611	  -0.52	
 -0.258	      1	  0.312	  0.353	  0.336	
 -0.388	  0.312	      1	  0.911	  0.694	
 -0.611	  0.353	  0.911	      1	  0.825	
  -0.52	  0.336	  0.694	  0.825	      1	

posterior probs

  -	0.3	0.11	0.018	0.031	
0.3	  -	0.69	0.71	0.72	
0.11	0.69	  -	  1	  1	
0.018	0.71	  1	  -	  1	
0.031	0.72	  1	  1	  -	

precisions

   54.7	   16.1	   -4.3	   12.3	  -2.59	
   16.1	2.03e+03	  -6.42	  -26.1	    -54	
   -4.3	  -6.42	   3.99	   -4.9	    2.7	
   12.3	  -26.1	   -4.9	   14.4	  -9.38	
  -2.59	    -54	    2.7	  -9.38	   65.8	

partial correlation coefficients

     -1	-0.0617	  0.437	 -0.529	  0.123	
-0.0617	     -1	 0.0601	  0.141	  0.155	
  0.437	 0.0601	     -1	   0.68	 -0.202	
 -0.529	  0.141	   0.68	     -1	  0.391	
  0.123	  0.155	 -0.202	  0.391	     -1	

posterior probs

  -	0.45	0.87	0.078	0.63	
0.45	  -	0.55	0.62	0.62	
0.87	0.55	  -	0.96	0.26	
0.078	0.62	0.96	  -	0.86	
0.63	0.62	0.26	0.86	  -	

