entries are in the following order:
dS
omega
body_mass
brain_mass
GI

covariances

  0.663	-0.0452	  -1.48	  -1.21	-0.0892	
-0.0452	 0.0461	   0.24	  0.205	 0.0346	
  -1.48	   0.24	   9.45	   6.28	  0.798	
  -1.21	  0.205	   6.28	   5.17	  0.716	
-0.0892	 0.0346	  0.798	  0.716	   0.15	

correlation coefficients

      1	 -0.227	 -0.603	 -0.667	 -0.297	
 -0.227	      1	   0.34	  0.393	  0.392	
 -0.603	   0.34	      1	  0.895	  0.664	
 -0.667	  0.393	  0.895	      1	  0.809	
 -0.297	  0.392	  0.664	  0.809	      1	

posterior probs

  -	0.33	0.014	0.0058	0.15	
0.33	  -	0.72	0.74	0.76	
0.014	0.72	  -	  1	  1	
0.0058	0.74	  1	  -	  1	
0.15	0.76	  1	  1	  -	

precisions

   42.5	   7.81	 -0.433	   12.6	  -28.2	
   7.81	1.96e+03	  -2.91	  -27.5	    -98	
 -0.433	  -2.91	   1.72	  -1.92	   2.24	
   12.6	  -27.5	  -1.92	   12.3	  -21.6	
  -28.2	    -98	   2.24	  -21.6	    134	

partial correlation coefficients

     -1	-0.0128	  0.119	 -0.551	  0.476	
-0.0128	     -1	 0.0287	  0.164	  0.198	
  0.119	 0.0287	     -1	  0.496	 -0.183	
 -0.551	  0.164	  0.496	     -1	  0.583	
  0.476	  0.198	 -0.183	  0.583	     -1	

posterior probs

  -	0.49	0.62	0.068	0.9	
0.49	  -	0.52	0.64	0.66	
0.62	0.52	  -	0.91	0.29	
0.068	0.64	0.91	  -	0.94	
0.9	0.66	0.29	0.94	  -	

