entries are in the following order:
dS
omega
body_mass
brain_mass
GI

covariances

  0.669	-0.0187	  -1.85	  -1.62	 -0.212	
-0.0187	 0.0234	 0.0956	 0.0509	0.00365	
  -1.85	 0.0956	   10.7	   7.23	   0.94	
  -1.62	 0.0509	   7.23	   5.89	  0.816	
 -0.212	0.00365	   0.94	  0.816	  0.166	

correlation coefficients

      1	-0.0734	 -0.698	 -0.828	 -0.645	
-0.0734	      1	  0.136	   0.09	 0.0268	
 -0.698	  0.136	      1	  0.907	  0.697	
 -0.828	   0.09	  0.907	      1	  0.821	
 -0.645	 0.0268	  0.697	  0.821	      1	

posterior probs

  -	0.45	0.004	0.00045	0.004	
0.45	  -	0.59	0.56	0.53	
0.004	0.59	  -	  1	  1	
0.00045	0.56	  1	  -	  1	
0.004	0.53	  1	  1	  -	

precisions

     58	  -5.56	  -0.97	   15.9	  -3.87	
  -5.56	2.23e+03	  -10.2	 -0.229	   23.5	
  -0.97	  -10.2	    1.9	  -2.26	  0.958	
   15.9	 -0.229	  -2.26	   9.87	  -8.42	
  -3.87	   23.5	  0.958	  -8.42	     50	

partial correlation coefficients

     -1	-0.0066	  0.185	  -0.57	   0.13	
-0.0066	     -1	  0.181	-0.0156	-0.0839	
  0.185	  0.181	     -1	  0.593	 -0.142	
  -0.57	-0.0156	  0.593	     -1	  0.449	
   0.13	-0.0839	 -0.142	  0.449	     -1	

posterior probs

  -	0.5	0.69	0.051	0.64	
0.5	  -	0.65	0.48	0.43	
0.69	0.65	  -	0.95	0.3	
0.051	0.48	0.95	  -	0.91	
0.64	0.43	0.3	0.91	  -	

