entries are in the following order:
dS
omega
body_mass
brain_mass
GI

covariances

   1.22	 -0.131	  -1.11	 -0.936	-0.0719	
 -0.131	 0.0802	  0.565	  0.447	 0.0622	
  -1.11	  0.565	   9.33	   6.04	  0.745	
 -0.936	  0.447	   6.04	   4.92	  0.673	
-0.0719	 0.0622	  0.745	  0.673	  0.145	

correlation coefficients

      1	 -0.426	 -0.331	  -0.39	 -0.181	
 -0.426	      1	  0.714	  0.779	  0.639	
 -0.331	  0.714	      1	  0.889	  0.636	
  -0.39	  0.779	  0.889	      1	  0.794	
 -0.181	  0.639	  0.636	  0.794	      1	

posterior probs

  -	0.1	0.095	0.059	0.22	
0.1	  -	0.96	0.97	0.96	
0.095	0.96	  -	  1	  1	
0.059	0.97	  1	  -	  1	
0.22	0.96	  1	  1	  -	

precisions

   4.56	   16.1	 -0.367	   0.39	  -3.36	
   16.1	1.05e+03	  -11.1	  -36.1	  -54.9	
 -0.367	  -11.1	   1.53	   -1.1	   1.74	
   0.39	  -36.1	   -1.1	   6.28	  -5.69	
  -3.36	  -54.9	   1.74	  -5.69	   52.1	

partial correlation coefficients

     -1	 -0.259	  0.131	 -0.142	  0.246	
 -0.259	     -1	  0.216	  0.407	  0.194	
  0.131	  0.216	     -1	  0.503	 -0.231	
 -0.142	  0.407	  0.503	     -1	  0.429	
  0.246	  0.194	 -0.231	  0.429	     -1	

posterior probs

  -	0.3	0.64	0.34	0.79	
0.3	  -	0.67	0.83	0.66	
0.64	0.67	  -	0.9	0.2	
0.34	0.83	0.9	  -	0.88	
0.79	0.66	0.2	0.88	  -	

