entries are in the following order:
dS
omega
body_mass
brain_mass
GI

covariances

  0.696	-0.00285	 -0.464	 -0.847	 -0.111	
-0.00285	 0.0162	-0.0557	-0.0402	-0.00541	
 -0.464	-0.0557	    9.6	   6.27	  0.832	
 -0.847	-0.0402	   6.27	   5.28	  0.733	
 -0.111	-0.00541	  0.832	  0.733	  0.157	

correlation coefficients

      1	-0.00666	  -0.21	 -0.472	  -0.36	
-0.00666	      1	 -0.116	 -0.116	-0.0882	
  -0.21	 -0.116	      1	  0.877	  0.671	
 -0.472	 -0.116	  0.877	      1	    0.8	
  -0.36	-0.0882	  0.671	    0.8	      1	

posterior probs

  -	0.5	0.24	0.04	0.08	
0.5	  -	0.42	0.42	0.43	
0.24	0.42	  -	  1	  1	
0.04	0.42	  1	  -	  1	
0.08	0.43	  1	  1	  -	

precisions

   11.4	    3.1	  -1.45	   3.69	  -2.17	
    3.1	2.27e+03	   2.55	   6.87	  -1.49	
  -1.45	   2.55	   1.69	  -1.98	   1.03	
   3.69	   6.87	  -1.98	   5.05	  -6.18	
  -2.17	  -1.49	   1.03	  -6.18	   39.1	

partial correlation coefficients

     -1	 -0.035	  0.391	 -0.495	  0.108	
 -0.035	     -1	-0.0297	-0.0705	0.00904	
  0.391	-0.0297	     -1	  0.694	 -0.127	
 -0.495	-0.0705	  0.694	     -1	  0.458	
  0.108	0.00904	 -0.127	  0.458	     -1	

posterior probs

  -	0.47	0.86	0.075	0.63	
0.47	  -	0.48	0.44	0.51	
0.86	0.48	  -	0.98	0.32	
0.075	0.44	0.98	  -	0.94	
0.63	0.51	0.32	0.94	  -	

