entries are in the following order:
dS
omega
body_mass
brain_mass
GI

covariances

  0.787	  0.177	  -1.11	  -1.27	 -0.193	
  0.177	   1.24	 -0.724	 -0.795	 -0.189	
  -1.11	 -0.724	   10.2	   6.88	   0.86	
  -1.27	 -0.795	   6.88	   5.57	  0.775	
 -0.193	 -0.189	   0.86	  0.775	  0.161	

correlation coefficients

      1	  0.221	 -0.409	 -0.627	 -0.557	
  0.221	      1	 -0.253	  -0.36	 -0.477	
 -0.409	 -0.253	      1	   0.91	  0.664	
 -0.627	  -0.36	   0.91	      1	  0.813	
 -0.557	 -0.477	  0.664	  0.813	      1	

posterior probs

  -	0.73	0.055	0.0036	0.0057	
0.73	  -	0.25	0.16	0.061	
0.055	0.25	  -	  1	  1	
0.0036	0.16	  1	  -	  1	
0.0057	0.061	  1	  1	  -	

precisions

   11.4	 -0.558	  -2.34	   5.63	  -1.54	
 -0.558	   64.3	  0.242	   4.57	   11.8	
  -2.34	  0.242	   2.03	  -3.21	   1.85	
   5.63	   4.57	  -3.21	   7.25	  -7.16	
  -1.54	   11.8	   1.85	  -7.16	   42.3	

partial correlation coefficients

     -1	 -0.103	  0.497	 -0.613	 0.0612	
 -0.103	     -1	   0.15	 -0.143	 -0.325	
  0.497	   0.15	     -1	  0.858	 -0.217	
 -0.613	 -0.143	  0.858	     -1	  0.462	
 0.0612	 -0.325	 -0.217	  0.462	     -1	

posterior probs

  -	0.4	0.94	0.016	0.58	
0.4	  -	0.67	0.34	0.16	
0.94	0.67	  -	  1	0.2	
0.016	0.34	  1	  -	0.95	
0.58	0.16	0.2	0.95	  -	

