entries are in the following order:
dS
omega
body_mass
brain_mass
GI

covariances

   1.23	 0.0233	   -1.1	  -1.15	 -0.117	
 0.0233	 0.0573	 -0.285	 -0.216	-0.0362	
   -1.1	 -0.285	   9.66	   6.48	  0.846	
  -1.15	 -0.216	   6.48	   5.29	  0.753	
 -0.117	-0.0362	  0.846	  0.753	  0.161	

correlation coefficients

      1	  0.133	 -0.317	 -0.454	 -0.267	
  0.133	      1	 -0.478	 -0.494	 -0.468	
 -0.317	 -0.478	      1	  0.904	  0.673	
 -0.454	 -0.494	  0.904	      1	  0.812	
 -0.267	 -0.468	  0.673	  0.812	      1	

posterior probs

  -	0.65	0.087	0.022	0.12	
0.65	  -	0.18	0.18	0.16	
0.087	0.18	  -	  1	  1	
0.022	0.18	  1	  -	  1	
0.12	0.16	  1	  1	  -	

precisions

   3.39	   3.24	 -0.568	    1.7	  -2.56	
   3.24	1.58e+03	     11	   17.1	   68.7	
 -0.568	     11	   1.71	  -1.81	   2.33	
    1.7	   17.1	  -1.81	   5.36	  -7.72	
  -2.56	   68.7	   2.33	  -7.72	   54.9	

partial correlation coefficients

     -1	-0.0554	  0.248	 -0.406	  0.222	
-0.0554	     -1	 -0.189	  -0.13	 -0.224	
  0.248	 -0.189	     -1	  0.672	 -0.273	
 -0.406	  -0.13	  0.672	     -1	  0.528	
  0.222	 -0.224	 -0.273	  0.528	     -1	

posterior probs

  -	0.45	0.77	0.11	0.76	
0.45	  -	0.34	0.39	0.32	
0.77	0.34	  -	0.97	0.16	
0.11	0.39	0.97	  -	0.94	
0.76	0.32	0.16	0.94	  -	

