entries are in the following order:
dS
omega
body_mass
brain_mass
GI

covariances

   1.23	  0.156	 -0.714	 -0.863	 -0.114	
  0.156	   1.02	  -1.71	  -1.32	 -0.166	
 -0.714	  -1.71	   9.24	   6.16	  0.761	
 -0.863	  -1.32	   6.16	   5.18	   0.71	
 -0.114	 -0.166	  0.761	   0.71	  0.151	

correlation coefficients

      1	  0.187	 -0.213	 -0.346	 -0.275	
  0.187	      1	 -0.708	 -0.722	 -0.543	
 -0.213	 -0.708	      1	  0.886	  0.637	
 -0.346	 -0.722	  0.886	      1	  0.797	
 -0.275	 -0.543	  0.637	  0.797	      1	

posterior probs

  -	0.72	0.23	0.097	0.14	
0.72	  -	0.016	0.011	0.033	
0.23	0.016	  -	  1	  1	
0.097	0.011	  1	  -	  1	
0.14	0.033	  1	  1	  -	

precisions

   2.88	  0.662	 -0.278	   1.15	 -0.563	
  0.662	    212	   7.46	     12	   8.45	
 -0.278	   7.46	   1.84	  -1.13	   1.27	
   1.15	     12	  -1.13	   4.67	  -5.81	
 -0.563	   8.45	   1.27	  -5.81	   35.9	

partial correlation coefficients

     -1	 -0.105	  0.167	 -0.311	 0.0657	
 -0.105	     -1	 -0.269	 -0.329	 0.0228	
  0.167	 -0.269	     -1	  0.574	 -0.202	
 -0.311	 -0.329	  0.574	     -1	  0.535	
 0.0657	 0.0228	 -0.202	  0.535	     -1	

posterior probs

  -	0.4	0.69	0.17	0.59	
0.4	  -	0.28	0.19	0.54	
0.69	0.28	  -	0.93	0.21	
0.17	0.19	0.93	  -	0.95	
0.59	0.54	0.21	0.95	  -	

