entries are in the following order:
dS
omega
body_mass
brain_mass
GI

covariances

   2.04	 -0.104	 -0.915	  -1.09	 -0.136	
 -0.104	  0.372	 0.0126	-0.0794	-0.0146	
 -0.915	 0.0126	   11.1	   7.45	  0.944	
  -1.09	-0.0794	   7.45	   5.99	  0.828	
 -0.136	-0.0146	  0.944	  0.828	  0.169	

correlation coefficients

      1	 -0.109	 -0.196	 -0.317	 -0.233	
 -0.109	      1	-0.0479	 -0.102	 -0.101	
 -0.196	-0.0479	      1	  0.912	  0.683	
 -0.317	 -0.102	  0.912	      1	  0.818	
 -0.233	 -0.101	  0.683	  0.818	      1	

posterior probs

  -	0.37	0.22	0.097	0.16	
0.37	  -	0.47	0.42	0.41	
0.22	0.47	  -	  1	  1	
0.097	0.42	  1	  -	  1	
0.16	0.41	  1	  1	  -	

precisions

   1.21	   1.68	 -0.326	  0.767	 -0.901	
   1.68	    400	  0.226	   4.15	    5.7	
 -0.326	  0.226	   1.15	   -1.6	   1.53	
  0.767	   4.15	   -1.6	   3.54	  -6.26	
 -0.901	    5.7	   1.53	  -6.26	   32.1	

partial correlation coefficients

     -1	 -0.164	  0.274	  -0.36	  0.143	
 -0.164	     -1	  0.161	 -0.202	 0.0188	
  0.274	  0.161	     -1	   0.81	 -0.261	
  -0.36	 -0.202	   0.81	     -1	  0.607	
  0.143	 0.0188	 -0.261	  0.607	     -1	

posterior probs

  -	0.32	0.84	0.093	0.71	
0.32	  -	0.69	0.27	0.53	
0.84	0.69	  -	0.99	0.12	
0.093	0.27	0.99	  -	0.99	
0.71	0.53	0.12	0.99	  -	

