entries are in the following order:
dS
omega
body_mass
brain_mass
GI

covariances

   1.07	  0.199	  -2.28	  -1.96	 -0.281	
  0.199	  0.181	 -0.685	 -0.554	-0.0832	
  -2.28	 -0.685	   8.82	   6.16	  0.841	
  -1.96	 -0.554	   6.16	   5.11	  0.757	
 -0.281	-0.0832	  0.841	  0.757	  0.155	

correlation coefficients

      1	  0.472	 -0.772	 -0.873	 -0.722	
  0.472	      1	 -0.491	 -0.524	 -0.451	
 -0.772	 -0.491	      1	  0.915	  0.711	
 -0.873	 -0.524	  0.915	      1	  0.844	
 -0.722	 -0.451	  0.711	  0.844	      1	

posterior probs

  -	0.78	0.0021	0.00028	0.0039	
0.78	  -	0.22	0.21	0.22	
0.0021	0.22	  -	  1	  1	
0.00028	0.21	  1	  -	  1	
0.0039	0.22	  1	  1	  -	

precisions

    204	  -77.5	 -0.174	   51.2	   3.22	
  -77.5	1.7e+03	   9.78	   49.4	     29	
 -0.174	   9.78	   3.51	  -2.55	   2.38	
   51.2	   49.4	  -2.55	   36.2	  -9.01	
   3.22	     29	   2.38	  -9.01	   85.3	

partial correlation coefficients

     -1	  0.124	  0.119	 -0.522	 0.0628	
  0.124	     -1	 -0.124	 -0.214	-0.0802	
  0.119	 -0.124	     -1	  0.413	 -0.197	
 -0.522	 -0.214	  0.413	     -1	  0.318	
 0.0628	-0.0802	 -0.197	  0.318	     -1	

posterior probs

  -	0.6	0.62	0.091	0.57	
0.6	  -	0.4	0.32	0.44	
0.62	0.4	  -	0.83	0.26	
0.091	0.32	0.83	  -	0.78	
0.57	0.44	0.26	0.78	  -	

