entries are in the following order:
dS
omega
body_mass
brain_mass
GI

covariances

  0.759	  0.113	  -1.01	  -1.04	 -0.125	
  0.113	 0.0972	 -0.682	 -0.526	-0.0747	
  -1.01	 -0.682	   10.4	   6.96	   0.93	
  -1.04	 -0.526	   6.96	   5.73	  0.816	
 -0.125	-0.0747	   0.93	  0.816	   0.17	

correlation coefficients

      1	  0.483	 -0.372	 -0.511	 -0.357	
  0.483	      1	  -0.75	 -0.783	 -0.651	
 -0.372	  -0.75	      1	  0.898	  0.692	
 -0.511	 -0.783	  0.898	      1	  0.822	
 -0.357	 -0.651	  0.692	  0.822	      1	

posterior probs

  -	0.93	0.067	0.015	0.065	
0.93	  -	0.019	0.017	0.025	
0.067	0.019	  -	  1	  1	
0.015	0.017	  1	  -	  1	
0.065	0.025	  1	  1	  -	

precisions

    8.7	  -20.4	 -0.958	   1.23	  -3.59	
  -20.4	    687	   13.6	     24	   35.6	
 -0.958	   13.6	   1.69	  -1.16	   1.57	
   1.23	     24	  -1.16	   4.99	  -5.56	
  -3.59	   35.6	   1.57	  -5.56	   41.5	

partial correlation coefficients

     -1	  0.279	  0.282	 -0.292	  0.202	
  0.279	     -1	 -0.334	 -0.267	 -0.144	
  0.282	 -0.334	     -1	  0.539	  -0.21	
 -0.292	 -0.267	  0.539	     -1	  0.479	
  0.202	 -0.144	  -0.21	  0.479	     -1	

posterior probs

  -	0.73	0.79	0.2	0.74	
0.73	  -	0.22	0.27	0.38	
0.79	0.22	  -	0.92	0.22	
0.2	0.27	0.92	  -	0.92	
0.74	0.38	0.22	0.92	  -	

