entries are in the following order:
dS
omega
body_mass
brain_mass
GI

covariances

  0.614	-0.0685	  -1.67	  -1.33	 -0.152	
-0.0685	  0.167	 0.0915	 0.0196	-0.0234	
  -1.67	 0.0915	   8.88	   6.04	  0.773	
  -1.33	 0.0196	   6.04	   4.93	  0.691	
 -0.152	-0.0234	  0.773	  0.691	  0.141	

correlation coefficients

      1	 -0.103	 -0.737	 -0.793	 -0.547	
 -0.103	      1	 0.0256	-0.0154	 -0.141	
 -0.737	 0.0256	      1	   0.91	  0.685	
 -0.793	-0.0154	   0.91	      1	  0.825	
 -0.547	 -0.141	  0.685	  0.825	      1	

posterior probs

  -	0.43	0.0028	0.00071	0.022	
0.43	  -	0.53	0.5	0.41	
0.0028	0.53	  -	  1	  1	
0.00071	0.5	  1	  -	  1	
0.022	0.41	  1	  1	  -	

precisions

   90.3	   22.4	  0.335	   20.1	  -7.64	
   22.4	1.64e+03	  -1.24	   1.84	   63.9	
  0.335	  -1.24	   2.05	  -1.92	  0.726	
   20.1	   1.84	  -1.92	   13.1	    -18	
  -7.64	   63.9	  0.726	    -18	    127	

partial correlation coefficients

     -1	 -0.155	 0.0397	 -0.484	  0.168	
 -0.155	     -1	 0.0558	-0.00729	  -0.24	
 0.0397	 0.0558	     -1	  0.499	 -0.136	
 -0.484	-0.00729	  0.499	     -1	  0.512	
  0.168	  -0.24	 -0.136	  0.512	     -1	

posterior probs

  -	0.38	0.54	0.092	0.67	
0.38	  -	0.55	0.5	0.32	
0.54	0.55	  -	0.9	0.32	
0.092	0.5	0.9	  -	0.92	
0.67	0.32	0.32	0.92	  -	

