entries are in the following order:
dS
omega
body_mass
brain_mass
GI

covariances

  0.733	 -0.112	  -2.27	  -1.81	 -0.251	
 -0.112	 0.0414	    0.4	  0.306	 0.0415	
  -2.27	    0.4	   10.7	   7.22	  0.934	
  -1.81	  0.306	   7.22	   5.83	  0.816	
 -0.251	 0.0415	  0.934	  0.816	  0.165	

correlation coefficients

      1	 -0.634	 -0.811	 -0.884	 -0.723	
 -0.634	      1	  0.608	  0.636	  0.518	
 -0.811	  0.608	      1	   0.91	  0.693	
 -0.884	  0.636	   0.91	      1	  0.825	
 -0.723	  0.518	  0.693	  0.825	      1	

posterior probs

  -	0.12	0.00073	0.00013	0.001	
0.12	  -	0.87	0.87	0.86	
0.00073	0.87	  -	  1	  1	
0.00013	0.87	  1	  -	  1	
0.001	0.86	  1	  1	  -	

precisions

    118	   92.5	   3.22	   25.3	   2.86	
   92.5	1.97e+03	  -11.4	  -29.8	  -17.2	
   3.22	  -11.4	   2.28	  -1.04	   1.21	
   25.3	  -29.8	  -1.04	   13.3	  -6.88	
   2.86	  -17.2	   1.21	  -6.88	   53.5	

partial correlation coefficients

     -1	 -0.257	-0.0426	 -0.455	-0.00457	
 -0.257	     -1	  0.154	  0.169	 0.0242	
-0.0426	  0.154	     -1	  0.393	  -0.16	
 -0.455	  0.169	  0.393	     -1	  0.378	
-0.00457	 0.0242	  -0.16	  0.378	     -1	

posterior probs

  -	0.29	0.48	0.12	0.5	
0.29	  -	0.62	0.65	0.52	
0.48	0.62	  -	0.83	0.28	
0.12	0.65	0.83	  -	0.85	
0.5	0.52	0.28	0.85	  -	

