entries are in the following order:
dS
omega
body_mass
brain_mass
GI

covariances

  0.647	-0.0178	  -1.37	  -1.03	-0.0825	
-0.0178	 0.0157	 0.0906	 0.0754	 0.0125	
  -1.37	 0.0906	   9.52	   6.37	  0.834	
  -1.03	 0.0754	   6.37	   5.26	  0.753	
-0.0825	 0.0125	  0.834	  0.753	  0.162	

correlation coefficients

      1	 -0.136	 -0.572	 -0.585	 -0.277	
 -0.136	      1	   0.19	  0.215	   0.21	
 -0.572	   0.19	      1	  0.897	  0.664	
 -0.585	  0.215	  0.897	      1	  0.811	
 -0.277	   0.21	  0.664	  0.811	      1	

posterior probs

  -	0.39	0.013	0.01	0.15	
0.39	  -	0.62	0.63	0.64	
0.013	0.62	  -	  1	  1	
0.01	0.63	  1	  -	  1	
0.15	0.64	  1	  1	  -	

precisions

     18	   5.77	 0.0618	   3.76	  -10.1	
   5.77	2.32e+03	  -2.57	  -9.04	    -45	
 0.0618	  -2.57	   1.36	  -1.34	  0.967	
   3.76	  -9.04	  -1.34	    5.2	  -9.58	
  -10.1	    -45	  0.967	  -9.58	   62.5	

partial correlation coefficients

     -1	-0.0348	-0.0185	 -0.358	   0.34	
-0.0348	     -1	 0.0322	 0.0695	  0.117	
-0.0185	 0.0322	     -1	  0.564	 -0.139	
 -0.358	 0.0695	  0.564	     -1	  0.567	
   0.34	  0.117	 -0.139	  0.567	     -1	

posterior probs

  -	0.47	0.48	0.15	0.84	
0.47	  -	0.53	0.56	0.6	
0.48	0.53	  -	0.95	0.31	
0.15	0.56	0.95	  -	0.95	
0.84	0.6	0.31	0.95	  -	

