entries are in the following order:
dS
omega
body_mass
brain_mass
GI

covariances

   2.01	-0.0298	  -1.57	  -1.47	 -0.143	
-0.0298	 0.0203	  0.131	 0.0965	  0.011	
  -1.57	  0.131	   10.9	   7.07	  0.761	
  -1.47	 0.0965	   7.07	   5.43	  0.664	
 -0.143	  0.011	  0.761	  0.664	  0.142	

correlation coefficients

      1	 -0.129	 -0.338	 -0.447	 -0.271	
 -0.129	      1	  0.228	  0.243	  0.173	
 -0.338	  0.228	      1	  0.916	  0.607	
 -0.447	  0.243	  0.916	      1	  0.751	
 -0.271	  0.173	  0.607	  0.751	      1	

posterior probs

  -	0.37	0.084	0.028	0.11	
0.37	  -	0.65	0.65	0.64	
0.084	0.65	  -	  1	  1	
0.028	0.65	  1	  -	  1	
0.11	0.64	  1	  1	  -	

precisions

   1.77	   2.88	 -0.284	  0.876	  -1.09	
   2.88	2.19e+03	  -3.48	  -13.3	   -2.5	
 -0.284	  -3.48	   1.49	  -1.67	    1.6	
  0.876	  -13.3	  -1.67	   4.75	  -6.48	
  -1.09	   -2.5	    1.6	  -6.48	   40.1	

partial correlation coefficients

     -1	-0.0389	    0.2	 -0.328	  0.154	
-0.0389	     -1	 0.0505	  0.135	-0.00651	
    0.2	 0.0505	     -1	  0.698	 -0.251	
 -0.328	  0.135	  0.698	     -1	  0.514	
  0.154	-0.00651	 -0.251	  0.514	     -1	

posterior probs

  -	0.47	0.74	0.14	0.7	
0.47	  -	0.54	0.62	0.49	
0.74	0.54	  -	0.97	0.18	
0.14	0.62	0.97	  -	0.95	
0.7	0.49	0.18	0.95	  -	

