entries are in the following order:
dS
omega
body_mass
brain_mass
GI

covariances

  0.664	  0.111	     -1	  -1.01	 -0.122	
  0.111	  0.106	 -0.674	 -0.514	-0.0719	
     -1	 -0.674	   10.4	   6.97	  0.935	
  -1.01	 -0.514	   6.97	   5.75	  0.821	
 -0.122	-0.0719	  0.935	  0.821	  0.171	

correlation coefficients

      1	    0.5	 -0.396	  -0.53	 -0.372	
    0.5	      1	 -0.725	  -0.75	 -0.616	
 -0.396	 -0.725	      1	  0.897	  0.693	
  -0.53	  -0.75	  0.897	      1	  0.822	
 -0.372	 -0.616	  0.693	  0.822	      1	

posterior probs

  -	0.93	0.062	0.015	0.06	
0.93	  -	0.026	0.024	0.036	
0.062	0.026	  -	  1	  1	
0.015	0.024	  1	  -	  1	
0.06	0.036	  1	  1	  -	

precisions

   11.9	  -23.6	  -1.05	   1.55	  -3.74	
  -23.6	    665	   13.1	   20.2	   30.8	
  -1.05	   13.1	   1.66	  -1.17	   1.37	
   1.55	   20.2	  -1.17	   4.63	  -5.65	
  -3.74	   30.8	   1.37	  -5.65	   39.8	

partial correlation coefficients

     -1	  0.316	   0.28	 -0.305	  0.193	
  0.316	     -1	  -0.34	 -0.214	  -0.12	
   0.28	  -0.34	     -1	  0.556	 -0.194	
 -0.305	 -0.214	  0.556	     -1	  0.498	
  0.193	  -0.12	 -0.194	  0.498	     -1	

posterior probs

  -	0.76	0.79	0.19	0.73	
0.76	  -	0.21	0.32	0.4	
0.79	0.21	  -	0.93	0.23	
0.19	0.32	0.93	  -	0.94	
0.73	0.4	0.23	0.94	  -	

