entries are in the following order:
dS
omega
body_mass
brain_mass
GI

covariances

  0.701	-0.0691	  -1.27	  -1.31	 -0.151	
-0.0691	 0.0353	  0.197	  0.203	 0.0342	
  -1.27	  0.197	   10.9	    7.1	  0.919	
  -1.31	  0.203	    7.1	   5.92	  0.802	
 -0.151	 0.0342	  0.919	  0.802	  0.166	

correlation coefficients

      1	 -0.461	 -0.477	 -0.659	 -0.459	
 -0.461	      1	  0.397	  0.518	  0.506	
 -0.477	  0.397	      1	   0.88	  0.675	
 -0.659	  0.518	   0.88	      1	  0.804	
 -0.459	  0.506	  0.675	  0.804	      1	

posterior probs

  -	0.15	0.039	0.004	0.03	
0.15	  -	0.78	0.83	0.87	
0.039	0.78	  -	  1	  1	
0.004	0.83	  1	  -	  1	
0.03	0.87	  1	  1	  -	

precisions

   17.7	     35	 -0.795	   4.05	  -6.53	
     35	1.7e+03	  0.324	  -23.9	  -77.4	
 -0.795	  0.324	   1.26	  -1.64	  0.631	
   4.05	  -23.9	  -1.64	   5.54	  -6.24	
  -6.53	  -77.4	  0.631	  -6.24	   51.6	

partial correlation coefficients

     -1	 -0.222	  0.219	 -0.433	  0.246	
 -0.222	     -1	 -0.067	  0.214	   0.28	
  0.219	 -0.067	     -1	  0.641	 -0.114	
 -0.433	  0.214	  0.641	     -1	  0.432	
  0.246	   0.28	 -0.114	  0.432	     -1	

posterior probs

  -	0.32	0.72	0.12	0.76	
0.32	  -	0.44	0.69	0.73	
0.72	0.44	  -	0.97	0.34	
0.12	0.69	0.97	  -	0.9	
0.76	0.73	0.34	0.9	  -	

