entries are in the following order:
dS
omega
body_mass
brain_mass
GI

covariances

  0.832	 0.0799	  -1.98	  -1.57	 -0.178	
 0.0799	  0.695	 -0.824	 -0.535	-0.0583	
  -1.98	 -0.824	   9.85	   6.43	  0.844	
  -1.57	 -0.535	   6.43	   5.17	  0.726	
 -0.178	-0.0583	  0.844	  0.726	  0.153	

correlation coefficients

      1	  0.114	 -0.714	 -0.782	 -0.515	
  0.114	      1	 -0.295	 -0.254	 -0.157	
 -0.714	 -0.295	      1	  0.898	  0.681	
 -0.782	 -0.254	  0.898	      1	  0.812	
 -0.515	 -0.157	  0.681	  0.812	      1	

posterior probs

  -	0.64	0.0015	0.0006	0.016	
0.64	  -	0.18	0.2	0.29	
0.0015	0.18	  -	  1	  1	
0.0006	0.2	  1	  -	  1	
0.016	0.29	  1	  1	  -	

precisions

   26.8	   1.05	  0.237	   8.71	  -11.3	
   1.05	   53.1	  0.625	 -0.292	  -1.93	
  0.237	  0.625	   1.08	  -1.36	  0.979	
   8.71	 -0.292	  -1.36	   6.12	  -10.8	
  -11.3	  -1.93	  0.979	  -10.8	     43	

partial correlation coefficients

     -1	  -0.16	-0.0078	 -0.607	  0.386	
  -0.16	     -1	 -0.159	-0.0894	  0.124	
-0.0078	 -0.159	     -1	  0.578	 -0.144	
 -0.607	-0.0894	  0.578	     -1	  0.664	
  0.386	  0.124	 -0.144	  0.664	     -1	

posterior probs

  -	0.33	0.5	0.022	0.88	
0.33	  -	0.33	0.39	0.66	
0.5	0.33	  -	0.96	0.28	
0.022	0.39	0.96	  -	0.99	
0.88	0.66	0.28	0.99	  -	

