entries are in the following order:
dS
omega
body_mass
brain_mass
GI

covariances

  0.929	 -0.066	  -2.42	  -2.04	 -0.246	
 -0.066	  0.023	  0.169	  0.149	 0.0206	
  -2.42	  0.169	   11.4	   7.85	  0.974	
  -2.04	  0.149	   7.85	   6.36	  0.869	
 -0.246	 0.0206	  0.974	  0.869	  0.176	

correlation coefficients

      1	 -0.382	 -0.746	 -0.848	 -0.612	
 -0.382	      1	  0.293	  0.347	   0.29	
 -0.746	  0.293	      1	   0.92	   0.68	
 -0.848	  0.347	   0.92	      1	  0.815	
 -0.612	   0.29	   0.68	  0.815	      1	

posterior probs

  -	0.26	0.00072	6.5e-05	0.0043	
0.26	  -	0.69	0.71	0.71	
0.00072	0.69	  -	  1	  1	
6.5e-05	0.71	  1	  -	  1	
0.0043	0.71	  1	  1	  -	

precisions

     37	   50.1	  -1.31	   12.5	  -11.9	
   50.1	2.31e+03	 -0.111	  -18.2	  -24.9	
  -1.31	 -0.111	   1.87	  -2.71	   2.45	
   12.5	  -18.2	  -2.71	   11.3	  -13.7	
  -11.9	  -24.9	   2.45	  -13.7	   58.8	

partial correlation coefficients

     -1	 -0.222	  0.201	 -0.565	  0.297	
 -0.222	     -1	 -0.019	 0.0896	 0.0685	
  0.201	 -0.019	     -1	  0.633	 -0.268	
 -0.565	 0.0896	  0.633	     -1	  0.564	
  0.297	 0.0685	 -0.268	  0.564	     -1	

posterior probs

  -	0.32	0.7	0.053	0.79	
0.32	  -	0.48	0.58	0.56	
0.7	0.48	  -	0.96	0.19	
0.053	0.58	0.96	  -	0.95	
0.79	0.56	0.19	0.95	  -	

