entries are in the following order:
dS
omega
body_mass
brain_mass
GI

covariances

  0.291	-0.0302	  -1.06	 -0.904	-0.0975	
-0.0302	 0.0251	  0.173	  0.158	 0.0294	
  -1.06	  0.173	     10	    6.7	  0.873	
 -0.904	  0.158	    6.7	   5.57	  0.791	
-0.0975	 0.0294	  0.873	  0.791	  0.164	

correlation coefficients

      1	 -0.287	 -0.639	 -0.731	 -0.463	
 -0.287	      1	  0.343	  0.414	  0.449	
 -0.639	  0.343	      1	  0.895	  0.673	
 -0.731	  0.414	  0.895	      1	  0.821	
 -0.463	  0.449	  0.673	  0.821	      1	

posterior probs

  -	0.29	0.015	0.0061	0.054	
0.29	  -	0.73	0.75	0.8	
0.015	0.73	  -	  1	  1	
0.0061	0.75	  1	  -	  1	
0.054	0.8	  1	  1	  -	

precisions

    107	  -2.91	 -0.767	   18.4	  -20.1	
  -2.91	2.11e+03	  -1.68	  -24.6	   -118	
 -0.767	  -1.68	   1.55	   -1.9	   1.59	
   18.4	  -24.6	   -1.9	   9.87	  -13.4	
  -20.1	   -118	   1.59	  -13.4	   88.9	

partial correlation coefficients

     -1	-0.00171	  0.122	  -0.54	  0.328	
-0.00171	     -1	0.00386	  0.148	  0.285	
  0.122	0.00386	     -1	  0.541	 -0.176	
  -0.54	  0.148	  0.541	     -1	  0.522	
  0.328	  0.285	 -0.176	  0.522	     -1	

posterior probs

  -	0.5	0.62	0.067	0.81	
0.5	  -	0.5	0.64	0.73	
0.62	0.5	  -	0.92	0.29	
0.067	0.64	0.92	  -	0.92	
0.81	0.73	0.29	0.92	  -	

