entries are in the following order:
dS
omega
body_mass
brain_mass
GI

covariances

   2.17	 0.0271	-0.0885	 -0.669	-0.0854	
 0.0271	 0.0663	 -0.328	 -0.264	 -0.038	
-0.0885	 -0.328	   9.42	    6.4	  0.834	
 -0.669	 -0.264	    6.4	   5.28	  0.746	
-0.0854	 -0.038	  0.834	  0.746	  0.155	

correlation coefficients

      1	 0.0747	 -0.026	 -0.205	 -0.153	
 0.0747	      1	 -0.389	  -0.42	 -0.358	
 -0.026	 -0.389	      1	  0.904	  0.685	
 -0.205	  -0.42	  0.904	      1	  0.821	
 -0.153	 -0.358	  0.685	  0.821	      1	

posterior probs

  -	0.59	0.46	0.21	0.26	
0.59	  -	0.26	0.25	0.26	
0.46	0.26	  -	  1	  1	
0.21	0.25	  1	  -	  1	
0.26	0.26	  1	  1	  -	

precisions

   1.96	  -1.21	 -0.515	  0.857	 -0.993	
  -1.21	1.74e+03	   6.39	   23.3	   27.3	
 -0.515	   6.39	    1.9	   -1.7	   1.67	
  0.857	   23.3	   -1.7	   6.19	   -6.5	
 -0.993	   27.3	   1.67	   -6.5	     50	

partial correlation coefficients

     -1	 0.0185	  0.317	  -0.31	  0.118	
 0.0185	     -1	-0.0971	 -0.236	-0.0796	
  0.317	-0.0971	     -1	  0.622	 -0.208	
  -0.31	 -0.236	  0.622	     -1	  0.466	
  0.118	-0.0796	 -0.208	  0.466	     -1	

posterior probs

  -	0.51	0.83	0.18	0.65	
0.51	  -	0.42	0.31	0.44	
0.83	0.42	  -	0.95	0.22	
0.18	0.31	0.95	  -	0.91	
0.65	0.44	0.22	0.91	  -	

