entries are in the following order:
dS
omega
body_mass
brain_mass
GI

covariances

 0.0403	0.000421	 -0.382	 -0.321	-0.0509	
0.000421	 0.0175	 -0.114	-0.0827	-0.0111	
 -0.382	 -0.114	   10.7	   7.08	  0.956	
 -0.321	-0.0827	   7.08	   5.97	  0.844	
-0.0509	-0.0111	  0.956	  0.844	  0.176	

correlation coefficients

      1	 0.0953	 -0.619	 -0.699	 -0.651	
 0.0953	      1	  -0.22	 -0.217	  -0.17	
 -0.619	  -0.22	      1	  0.882	   0.69	
 -0.699	 -0.217	  0.882	      1	  0.819	
 -0.651	  -0.17	   0.69	  0.819	      1	

posterior probs

  -	0.57	0.098	0.082	0.075	
0.57	  -	0.36	0.37	0.38	
0.098	0.36	  -	  1	  1	
0.082	0.37	  1	  -	  1	
0.075	0.38	  1	  1	  -	

precisions

1.64e+03	  -23.3	   6.69	   31.8	   89.2	
  -23.3	2.37e+03	   6.28	   8.77	   3.78	
   6.69	   6.28	   1.58	 -0.888	   0.14	
   31.8	   8.77	 -0.888	   5.32	  -3.47	
   89.2	   3.78	   0.14	  -3.47	   71.8	

partial correlation coefficients

     -1	0.00515	-0.0816	  -0.33	 -0.232	
0.00515	     -1	   -0.1	 -0.089	-0.00967	
-0.0816	   -0.1	     -1	  0.411	-0.0501	
  -0.33	 -0.089	  0.411	     -1	  0.279	
 -0.232	-0.00967	-0.0501	  0.279	     -1	

posterior probs

  -	0.51	0.43	0.23	0.3	
0.51	  -	0.42	0.42	0.49	
0.43	0.42	  -	0.86	0.43	
0.23	0.42	0.86	  -	0.78	
0.3	0.49	0.43	0.78	  -	

