entries are in the following order:
dS
omega
body_mass
brain_mass
GI

covariances

   0.44	 0.0437	  -1.07	  -1.06	 -0.144	
 0.0437	 0.0535	 -0.448	 -0.322	-0.0421	
  -1.07	 -0.448	   10.3	   6.93	  0.867	
  -1.06	 -0.322	   6.93	   5.48	   0.76	
 -0.144	-0.0421	  0.867	   0.76	  0.158	

correlation coefficients

      1	  0.346	 -0.527	 -0.712	 -0.573	
  0.346	      1	 -0.588	 -0.585	 -0.457	
 -0.527	 -0.588	      1	  0.918	  0.671	
 -0.712	 -0.585	  0.918	      1	  0.811	
 -0.573	 -0.457	  0.671	  0.811	      1	

posterior probs

  -	0.76	0.046	0.0051	0.014	
0.76	  -	0.15	0.16	0.17	
0.046	0.15	  -	  1	  1	
0.0051	0.16	  1	  -	  1	
0.014	0.17	  1	  1	  -	

precisions

    101	  -25.1	   -4.3	   21.9	  -6.54	
  -25.1	1.95e+03	   22.8	   38.7	   18.9	
   -4.3	   22.8	   4.13	  -4.23	   3.23	
   21.9	   38.7	  -4.23	   15.8	    -12	
  -6.54	   18.9	   3.23	    -12	   56.7	

partial correlation coefficients

     -1	0.00385	  0.371	 -0.586	  0.176	
0.00385	     -1	 -0.248	 -0.207	-0.0265	
  0.371	 -0.248	     -1	  0.611	 -0.263	
 -0.586	 -0.207	  0.611	     -1	  0.456	
  0.176	-0.0265	 -0.263	  0.456	     -1	

posterior probs

  -	0.5	0.82	0.053	0.69	
0.5	  -	0.3	0.31	0.48	
0.82	0.3	  -	0.94	0.21	
0.053	0.31	0.94	  -	0.9	
0.69	0.48	0.21	0.9	  -	

