entries are in the following order:
dS
omega
body_mass
brain_mass
GI

covariances

   2.79	 -0.143	  0.124	 -0.558	-0.0674	
 -0.143	  0.772	  -1.44	 -0.827	 -0.083	
  0.124	  -1.44	   10.3	   7.14	  0.846	
 -0.558	 -0.827	   7.14	    5.9	  0.788	
-0.0674	 -0.083	  0.846	  0.788	  0.157	

correlation coefficients

      1	 -0.107	 0.0165	 -0.145	 -0.102	
 -0.107	      1	 -0.585	 -0.467	 -0.317	
 0.0165	 -0.585	      1	  0.915	   0.66	
 -0.145	 -0.467	  0.915	      1	  0.815	
 -0.102	 -0.317	   0.66	  0.815	      1	

posterior probs

  -	0.38	0.53	0.29	0.34	
0.38	  -	0.072	0.12	0.2	
0.53	0.072	  -	  1	  1	
0.29	0.12	  1	  -	  1	
0.34	0.2	  1	  1	  -	

precisions

   1.25	   1.65	 -0.429	  0.934	  -1.39	
   1.65	    298	   10.6	   1.85	   10.9	
 -0.429	   10.6	   3.36	  -3.03	      3	
  0.934	   1.85	  -3.03	   5.45	   -8.5	
  -1.39	   10.9	      3	   -8.5	   41.4	

partial correlation coefficients

     -1	-0.0283	  0.295	 -0.377	  0.198	
-0.0283	     -1	 -0.527	  0.183	-0.0595	
  0.295	 -0.527	     -1	  0.771	 -0.314	
 -0.377	  0.183	  0.771	     -1	  0.612	
  0.198	-0.0595	 -0.314	  0.612	     -1	

posterior probs

  -	0.49	0.81	0.11	0.76	
0.49	  -	0.076	0.69	0.44	
0.81	0.076	  -	0.98	0.15	
0.11	0.69	0.98	  -	0.98	
0.76	0.44	0.15	0.98	  -	

