entries are in the following order:
dS
omega
body_mass
brain_mass
GI

covariances

  0.876	  0.616	  -2.09	  -1.68	 -0.179	
  0.616	   1.68	   -2.9	  -1.89	 -0.134	
  -2.09	   -2.9	   12.2	   8.15	  0.968	
  -1.68	  -1.89	   8.15	   6.56	  0.844	
 -0.179	 -0.134	  0.968	  0.844	  0.169	

correlation coefficients

      1	  0.538	 -0.651	  -0.72	 -0.479	
  0.538	      1	 -0.669	 -0.599	 -0.267	
 -0.651	 -0.669	      1	  0.909	  0.666	
  -0.72	 -0.599	  0.909	      1	  0.795	
 -0.479	 -0.267	  0.666	  0.795	      1	

posterior probs

  -	0.98	0.0046	0.002	0.033	
0.98	  -	0.0053	0.012	0.17	
0.0046	0.0053	  -	  1	  1	
0.002	0.012	  1	  -	  1	
0.033	0.17	  1	  1	  -	

precisions

   15.4	 -0.746	 -0.423	   5.02	  -4.49	
 -0.746	   7.98	  0.939	   1.01	   -6.2	
 -0.423	  0.939	   1.14	  -1.33	   0.33	
   5.02	   1.01	  -1.33	   4.65	  -8.67	
  -4.49	   -6.2	   0.33	  -8.67	   40.8	

partial correlation coefficients

     -1	   0.12	  0.134	 -0.484	  0.206	
   0.12	     -1	 -0.328	 -0.145	  0.385	
  0.134	 -0.328	     -1	  0.615	-0.0669	
 -0.484	 -0.145	  0.615	     -1	  0.628	
  0.206	  0.385	-0.0669	  0.628	     -1	

posterior probs

  -	0.63	0.65	0.071	0.73	
0.63	  -	0.18	0.35	0.88	
0.65	0.18	  -	0.98	0.4	
0.071	0.35	0.98	  -	0.99	
0.73	0.88	0.4	0.99	  -	

