entries are in the following order:
dS
omega
body_mass
brain_mass
GI

covariances

   1.01	 0.0522	 -0.724	  -1.02	 -0.173	
 0.0522	 0.0463	  -0.25	 -0.208	-0.0328	
 -0.724	  -0.25	   7.92	   5.43	  0.747	
  -1.02	 -0.208	   5.43	   4.47	  0.664	
 -0.173	-0.0328	  0.747	  0.664	  0.142	

correlation coefficients

      1	  0.237	  -0.27	 -0.494	 -0.468	
  0.237	      1	 -0.386	 -0.423	 -0.374	
  -0.27	 -0.386	      1	   0.91	  0.698	
 -0.494	 -0.423	   0.91	      1	  0.829	
 -0.468	 -0.374	  0.698	  0.829	      1	

posterior probs

  -	0.71	0.16	0.028	0.028	
0.71	  -	0.26	0.25	0.25	
0.16	0.26	  -	  1	  1	
0.028	0.25	  1	  -	  1	
0.028	0.25	  1	  1	  -	

precisions

   8.93	  -13.6	  -1.72	   3.32	  -1.02	
  -13.6	1.91e+03	   9.83	   24.6	   35.1	
  -1.72	   9.83	    2.9	  -3.02	   1.77	
   3.32	   24.6	  -3.02	   9.14	  -7.36	
  -1.02	   35.1	   1.77	  -7.36	   56.9	

partial correlation coefficients

     -1	  0.103	  0.394	 -0.406	 0.0304	
  0.103	     -1	  -0.11	 -0.178	 -0.101	
  0.394	  -0.11	     -1	   0.67	 -0.163	
 -0.406	 -0.178	   0.67	     -1	  0.401	
 0.0304	 -0.101	 -0.163	  0.401	     -1	

posterior probs

  -	0.58	0.87	0.12	0.53	
0.58	  -	0.41	0.35	0.42	
0.87	0.41	  -	0.96	0.28	
0.12	0.35	0.96	  -	0.9	
0.53	0.42	0.28	0.9	  -	

