entries are in the following order:
dS
omega
body_mass
brain_mass
GI

covariances

   1.21	-0.0541	 -0.845	   -1.1	 -0.222	
-0.0541	  0.028	  0.203	  0.173	 0.0277	
 -0.845	  0.203	   10.2	   6.82	  0.823	
   -1.1	  0.173	   6.82	   5.53	  0.739	
 -0.222	 0.0277	  0.823	  0.739	  0.153	

correlation coefficients

      1	 -0.266	 -0.242	 -0.427	 -0.524	
 -0.266	      1	  0.348	  0.407	  0.398	
 -0.242	  0.348	      1	  0.907	  0.655	
 -0.427	  0.407	  0.907	      1	    0.8	
 -0.524	  0.398	  0.655	    0.8	      1	

posterior probs

  -	0.26	0.17	0.04	0.012	
0.26	  -	0.73	0.75	0.77	
0.17	0.73	  -	  1	  1	
0.04	0.75	  1	  -	  1	
0.012	0.77	  1	  1	  -	

precisions

   4.25	   9.37	   -0.6	  0.804	   2.07	
   9.37	1.99e+03	  -3.87	  -20.1	  -61.1	
   -0.6	  -3.87	   1.57	  -1.58	   0.63	
  0.804	  -20.1	  -1.58	   4.76	  -4.29	
   2.07	  -61.1	   0.63	  -4.29	   51.9	

partial correlation coefficients

     -1	-0.0947	   0.26	 -0.214	 -0.176	
-0.0947	     -1	 0.0373	  0.194	  0.183	
   0.26	 0.0373	     -1	  0.668	 -0.106	
 -0.214	  0.194	  0.668	     -1	  0.355	
 -0.176	  0.183	 -0.106	  0.355	     -1	

posterior probs

  -	0.42	0.79	0.25	0.28	
0.42	  -	0.53	0.66	0.65	
0.79	0.53	  -	0.96	0.34	
0.25	0.66	0.96	  -	0.87	
0.28	0.65	0.34	0.87	  -	

