entries are in the following order:
dS
omega
body_mass
brain_mass
GI

covariances

    1.3	   0.16	  -2.93	  -2.22	 -0.206	
   0.16	   2.29	 -0.621	-0.0913	   0.19	
  -2.93	 -0.621	   12.1	   8.12	  0.913	
  -2.22	-0.0913	   8.12	   6.56	  0.842	
 -0.206	   0.19	  0.913	  0.842	  0.172	

correlation coefficients

      1	 0.0761	 -0.739	 -0.764	 -0.436	
 0.0761	      1	-0.0921	0.00883	  0.336	
 -0.739	-0.0921	      1	  0.906	  0.621	
 -0.764	0.00883	  0.906	      1	  0.782	
 -0.436	  0.336	  0.621	  0.782	      1	

posterior probs

  -	0.61	0.0027	0.0016	0.08	
0.61	  -	0.37	0.47	0.87	
0.0027	0.37	  -	  1	  1	
0.0016	0.47	  1	  -	  1	
0.08	0.87	  1	  1	  -	

precisions

   25.4	   1.87	  0.544	   9.68	    -12	
   1.87	   40.3	 0.0634	 -0.186	  -12.9	
  0.544	 0.0634	   1.21	  -1.37	  0.828	
   9.68	 -0.186	  -1.37	   7.43	  -14.4	
    -12	  -12.9	  0.828	  -14.4	   73.2	

partial correlation coefficients

     -1	 -0.183	-0.0602	  -0.59	   0.44	
 -0.183	     -1	-0.0928	 -0.229	  0.523	
-0.0602	-0.0928	     -1	  0.554	 -0.129	
  -0.59	 -0.229	  0.554	     -1	  0.676	
   0.44	  0.523	 -0.129	  0.676	     -1	

posterior probs

  -	0.31	0.44	0.033	0.89	
0.31	  -	0.41	0.27	0.94	
0.44	0.41	  -	0.95	0.33	
0.033	0.27	0.95	  -	0.98	
0.89	0.94	0.33	0.98	  -	

