entries are in the following order:
dS
omega
body_mass
brain_mass
GI

covariances

  0.724	-0.0723	  -1.29	  -1.33	 -0.153	
-0.0723	 0.0379	    0.2	  0.209	 0.0354	
  -1.29	    0.2	   10.9	   7.11	   0.92	
  -1.33	  0.209	   7.11	   5.93	  0.804	
 -0.153	 0.0354	   0.92	  0.804	  0.166	

correlation coefficients

      1	 -0.462	 -0.473	 -0.657	 -0.455	
 -0.462	      1	  0.393	  0.518	  0.507	
 -0.473	  0.393	      1	  0.881	  0.675	
 -0.657	  0.518	  0.881	      1	  0.804	
 -0.455	  0.507	  0.675	  0.804	      1	

posterior probs

  -	0.15	0.042	0.0042	0.034	
0.15	  -	0.78	0.83	0.86	
0.042	0.78	  -	  1	  1	
0.0042	0.83	  1	  -	  1	
0.034	0.86	  1	  1	  -	

precisions

   16.7	   33.8	  -0.78	   3.85	  -6.76	
   33.8	1.65e+03	  0.827	  -24.2	  -80.2	
  -0.78	  0.827	   1.27	  -1.64	  0.635	
   3.85	  -24.2	  -1.64	   5.52	  -6.25	
  -6.76	  -80.2	  0.635	  -6.25	   52.1	

partial correlation coefficients

     -1	 -0.226	  0.222	 -0.431	  0.251	
 -0.226	     -1	-0.0766	  0.217	  0.285	
  0.222	-0.0766	     -1	  0.641	 -0.114	
 -0.431	  0.217	  0.641	     -1	  0.427	
  0.251	  0.285	 -0.114	  0.427	     -1	

posterior probs

  -	0.32	0.72	0.12	0.77	
0.32	  -	0.43	0.69	0.73	
0.72	0.43	  -	0.97	0.34	
0.12	0.69	0.97	  -	0.9	
0.77	0.73	0.34	0.9	  -	

