entries are in the following order:
dS
omega
body_mass
brain_mass
GI

covariances

  0.348	 -0.354	  -1.34	   -1.2	 -0.159	
 -0.354	  0.513	   1.88	   1.57	  0.233	
  -1.34	   1.88	   9.67	   6.62	  0.865	
   -1.2	   1.57	   6.62	   5.56	  0.781	
 -0.159	  0.233	  0.865	  0.781	  0.158	

correlation coefficients

      1	 -0.875	 -0.761	 -0.893	 -0.709	
 -0.875	      1	  0.863	  0.955	  0.845	
 -0.761	  0.863	      1	  0.901	  0.693	
 -0.893	  0.955	  0.901	      1	  0.829	
 -0.709	  0.845	  0.693	  0.829	      1	

posterior probs

  -	0.0016	0.0036	0.00064	0.0044	
0.0016	  -	  1	  1	  1	
0.0036	  1	  -	  1	  1	
0.00064	  1	  1	  -	  1	
0.0044	  1	  1	  1	  -	

precisions

    559	    172	   -5.6	   74.8	  -28.6	
    172	    622	  -9.93	   -108	   -106	
   -5.6	  -9.93	   3.17	   -2.8	   4.19	
   74.8	   -108	   -2.8	   54.1	  -4.71	
  -28.6	   -106	   4.19	  -4.71	    133	

partial correlation coefficients

     -1	 -0.279	  0.248	 -0.457	  0.243	
 -0.279	     -1	   0.19	   0.47	  0.362	
  0.248	   0.19	     -1	  0.308	 -0.241	
 -0.457	   0.47	  0.308	     -1	  0.129	
  0.243	  0.362	 -0.241	  0.129	     -1	

posterior probs

  -	0.27	0.71	0.14	0.72	
0.27	  -	0.65	0.87	0.78	
0.71	0.65	  -	0.75	0.24	
0.14	0.87	0.75	  -	0.62	
0.72	0.78	0.24	0.62	  -	

