entries are in the following order:
dS
omega
body_mass
brain_mass
GI

covariances

   1.16	 0.0333	  -1.33	  -1.35	 -0.218	
 0.0333	 0.0382	 -0.241	 -0.161	-0.0191	
  -1.33	 -0.241	   8.06	   5.31	  0.682	
  -1.35	 -0.161	   5.31	   4.42	  0.625	
 -0.218	-0.0191	  0.682	  0.625	  0.136	

correlation coefficients

      1	  0.232	  -0.46	 -0.618	 -0.563	
  0.232	      1	 -0.462	 -0.435	 -0.317	
  -0.46	 -0.462	      1	  0.887	  0.647	
 -0.618	 -0.435	  0.887	      1	  0.804	
 -0.563	 -0.317	  0.647	  0.804	      1	

posterior probs

  -	0.7	0.031	0.0036	0.0041	
0.7	  -	0.2	0.22	0.26	
0.031	0.2	  -	  1	  1	
0.0036	0.22	  1	  -	  1	
0.0041	0.26	  1	  1	  -	

precisions

   6.47	  -6.16	 -0.313	   1.93	   0.53	
  -6.16	1.76e+03	   15.7	   14.5	   9.53	
 -0.313	   15.7	   1.96	  -1.52	  0.699	
   1.93	   14.5	  -1.52	   4.92	  -5.91	
   0.53	   9.53	  0.699	  -5.91	   46.1	

partial correlation coefficients

     -1	 0.0344	  0.159	 -0.323	-0.0546	
 0.0344	     -1	  -0.29	 -0.121	 0.0104	
  0.159	  -0.29	     -1	   0.59	 -0.127	
 -0.323	 -0.121	   0.59	     -1	  0.445	
-0.0546	 0.0104	 -0.127	  0.445	     -1	

posterior probs

  -	0.52	0.69	0.16	0.42	
0.52	  -	0.27	0.4	0.51	
0.69	0.27	  -	0.95	0.31	
0.16	0.4	0.95	  -	0.93	
0.42	0.51	0.31	0.93	  -	

