entries are in the following order:
dS
omega
body_mass
brain_mass
GI

covariances

   1.72	 -0.119	  -2.69	  -2.37	 -0.253	
 -0.119	  0.107	  0.243	  0.205	 0.0272	
  -2.69	  0.243	   10.2	   6.77	  0.796	
  -2.37	  0.205	   6.77	   5.53	  0.742	
 -0.253	 0.0272	  0.796	  0.742	  0.155	

correlation coefficients

      1	 -0.307	 -0.646	 -0.776	 -0.494	
 -0.307	      1	  0.291	  0.324	  0.247	
 -0.646	  0.291	      1	  0.902	  0.629	
 -0.776	  0.324	  0.902	      1	  0.797	
 -0.494	  0.247	  0.629	  0.797	      1	

posterior probs

  -	0.29	0.0035	0.00026	0.014	
0.29	  -	0.69	0.7	0.69	
0.0035	0.69	  -	  1	  1	
0.00026	0.7	  1	  -	  1	
0.014	0.69	  1	  1	  -	

precisions

   12.3	   18.6	  -1.07	   6.31	  -9.55	
   18.6	1.96e+03	  -4.15	  -18.9	  -10.8	
  -1.07	  -4.15	   1.87	  -2.66	   3.58	
   6.31	  -18.9	  -2.66	     11	    -16	
  -9.55	  -10.8	   3.58	    -16	   67.7	

partial correlation coefficients

     -1	  -0.14	  0.288	 -0.563	   0.38	
  -0.14	     -1	 0.0506	  0.109	 0.0295	
  0.288	 0.0506	     -1	  0.645	 -0.348	
 -0.563	  0.109	  0.645	     -1	  0.625	
   0.38	 0.0295	 -0.348	  0.625	     -1	

posterior probs

  -	0.39	0.78	0.058	0.87	
0.39	  -	0.54	0.6	0.53	
0.78	0.54	  -	0.96	0.13	
0.058	0.6	0.96	  -	0.96	
0.87	0.53	0.13	0.96	  -	

