entries are in the following order:
dS
omega
body_mass
brain_mass
GI

covariances

  0.848	 0.0581	  -1.23	  -1.21	 -0.149	
 0.0581	 0.0355	 -0.314	 -0.243	 -0.032	
  -1.23	 -0.314	   9.14	    6.1	  0.731	
  -1.21	 -0.243	    6.1	   4.98	  0.668	
 -0.149	 -0.032	  0.731	  0.668	  0.138	

correlation coefficients

      1	  0.342	 -0.448	 -0.598	 -0.444	
  0.342	      1	 -0.542	 -0.571	 -0.457	
 -0.448	 -0.542	      1	  0.902	  0.646	
 -0.598	 -0.571	  0.902	      1	  0.802	
 -0.444	 -0.457	  0.646	  0.802	      1	

posterior probs

  -	0.8	0.032	0.005	0.022	
0.8	  -	0.16	0.16	0.17	
0.032	0.16	  -	  1	  1	
0.005	0.16	  1	  -	  1	
0.022	0.17	  1	  1	  -	

precisions

   6.91	  -10.8	 -0.803	   2.16	   -2.9	
  -10.8	1.85e+03	   12.6	   31.3	   30.2	
 -0.803	   12.6	   1.91	  -1.78	   2.05	
   2.16	   31.3	  -1.78	   6.87	   -8.1	
   -2.9	   30.2	   2.05	   -8.1	   51.3	

partial correlation coefficients

     -1	 0.0806	  0.249	 -0.368	   0.16	
 0.0806	     -1	 -0.186	 -0.265	 -0.062	
  0.249	 -0.186	     -1	  0.601	 -0.253	
 -0.368	 -0.265	  0.601	     -1	    0.5	
   0.16	 -0.062	 -0.253	    0.5	     -1	

posterior probs

  -	0.56	0.77	0.14	0.7	
0.56	  -	0.35	0.27	0.45	
0.77	0.35	  -	0.94	0.18	
0.14	0.27	0.94	  -	0.93	
0.7	0.45	0.18	0.93	  -	

