entries are in the following order:
dS
omega
body_mass
brain_mass
GI

covariances

   1.02	   0.14	  -1.27	  -1.45	  -0.23	
   0.14	  0.297	  -1.08	 -0.797	 -0.132	
  -1.27	  -1.08	   8.96	   6.06	  0.794	
  -1.45	 -0.797	   6.06	   5.05	  0.716	
  -0.23	 -0.132	  0.794	  0.716	  0.153	

correlation coefficients

      1	  0.383	 -0.453	 -0.674	 -0.611	
  0.383	      1	 -0.743	  -0.74	 -0.691	
 -0.453	 -0.743	      1	  0.898	  0.672	
 -0.674	  -0.74	  0.898	      1	   0.81	
 -0.611	 -0.691	  0.672	   0.81	      1	

posterior probs

  -	0.83	0.038	0.002	0.003	
0.83	  -	0.018	0.023	0.017	
0.038	0.018	  -	  1	  1	
0.002	0.023	  1	  -	  1	
0.003	0.017	  1	  1	  -	

precisions

   22.3	  -5.82	  -1.49	    6.4	   2.73	
  -5.82	    396	   14.7	     19	   56.7	
  -1.49	   14.7	   3.14	   -2.2	   3.07	
    6.4	     19	   -2.2	   8.48	   -4.2	
   2.73	   56.7	   3.07	   -4.2	   69.3	

partial correlation coefficients

     -1	 -0.117	  0.305	 -0.505	-0.0881	
 -0.117	     -1	 -0.358	 -0.183	  -0.39	
  0.305	 -0.358	     -1	  0.596	 -0.238	
 -0.505	 -0.183	  0.596	     -1	  0.288	
-0.0881	  -0.39	 -0.238	  0.288	     -1	

posterior probs

  -	0.39	0.8	0.071	0.39	
0.39	  -	0.2	0.35	0.18	
0.8	0.2	  -	0.92	0.21	
0.071	0.35	0.92	  -	0.81	
0.39	0.18	0.21	0.81	  -	

