entries are in the following order:
dS
omega
body_mass
brain_mass
GI

covariances

   2.79	 -0.148	  0.101	 -0.572	-0.0695	
 -0.148	  0.764	  -1.43	 -0.817	-0.0822	
  0.101	  -1.43	   10.3	   7.15	  0.846	
 -0.572	 -0.817	   7.15	   5.91	  0.789	
-0.0695	-0.0822	  0.846	  0.789	  0.157	

correlation coefficients

      1	 -0.108	 0.0121	 -0.149	 -0.107	
 -0.108	      1	 -0.581	 -0.462	 -0.314	
 0.0121	 -0.581	      1	  0.915	   0.66	
 -0.149	 -0.462	  0.915	      1	  0.815	
 -0.107	 -0.314	   0.66	  0.815	      1	

posterior probs

  -	0.38	0.52	0.28	0.33	
0.38	  -	0.075	0.13	0.2	
0.52	0.075	  -	  1	  1	
0.28	0.13	  1	  -	  1	
0.33	0.2	  1	  1	  -	

precisions

   1.18	   1.36	 -0.419	  0.929	  -1.37	
   1.36	    308	   10.1	   1.93	   10.5	
 -0.419	   10.1	   3.34	  -3.01	   2.97	
  0.929	   1.93	  -3.01	   5.47	  -8.53	
  -1.37	   10.5	   2.97	  -8.53	   41.5	

partial correlation coefficients

     -1	 -0.032	  0.291	 -0.375	  0.195	
 -0.032	     -1	 -0.523	  0.185	-0.0603	
  0.291	 -0.523	     -1	  0.774	 -0.314	
 -0.375	  0.185	  0.774	     -1	  0.613	
  0.195	-0.0603	 -0.314	  0.613	     -1	

posterior probs

  -	0.49	0.8	0.11	0.75	
0.49	  -	0.079	0.7	0.44	
0.8	0.079	  -	0.98	0.15	
0.11	0.7	0.98	  -	0.98	
0.75	0.44	0.15	0.98	  -	

