entries are in the following order:
dS
omega
body_mass
brain_mass
GI

covariances

  0.546	-0.0316	  -1.71	  -1.43	 -0.181	
-0.0316	 0.0189	  0.151	  0.106	 0.0105	
  -1.71	  0.151	   11.2	   7.42	  0.924	
  -1.43	  0.106	   7.42	   6.15	  0.832	
 -0.181	 0.0105	  0.924	  0.832	  0.172	

correlation coefficients

      1	 -0.249	 -0.709	 -0.803	 -0.607	
 -0.249	      1	  0.285	  0.274	  0.168	
 -0.709	  0.285	      1	  0.891	  0.657	
 -0.803	  0.274	  0.891	      1	  0.804	
 -0.607	  0.168	  0.657	  0.804	      1	

posterior probs

  -	0.33	0.0064	0.0016	0.0099	
0.33	  -	0.68	0.67	0.63	
0.0064	0.68	  -	  1	  1	
0.0016	0.67	  1	  -	  1	
0.0099	0.63	  1	  1	  -	

precisions

   76.5	   19.7	  0.507	   16.4	  -3.47	
   19.7	2.28e+03	  -6.97	  -12.9	     23	
  0.507	  -6.97	   1.34	  -1.18	  0.609	
   16.4	  -12.9	  -1.18	    7.9	  -7.59	
  -3.47	     23	  0.609	  -7.59	   45.3	

partial correlation coefficients

     -1	-0.0553	 0.0283	  -0.49	    0.1	
-0.0553	     -1	  0.131	  0.109	-0.0923	
 0.0283	  0.131	     -1	  0.489	 -0.128	
  -0.49	  0.109	  0.489	     -1	  0.475	
    0.1	-0.0923	 -0.128	  0.475	     -1	

posterior probs

  -	0.45	0.53	0.097	0.61	
0.45	  -	0.61	0.6	0.42	
0.53	0.61	  -	0.9	0.32	
0.097	0.6	0.9	  -	0.92	
0.61	0.42	0.32	0.92	  -	

