entries are in the following order:
dS
omega
body_mass
brain_mass
GI

covariances

  0.291	-0.0326	  -1.07	 -0.909	 -0.099	
-0.0326	 0.0246	  0.187	  0.169	 0.0306	
  -1.07	  0.187	     10	   6.68	  0.872	
 -0.909	  0.169	   6.68	   5.56	  0.789	
 -0.099	 0.0306	  0.872	  0.789	  0.164	

correlation coefficients

      1	 -0.334	 -0.637	 -0.734	 -0.468	
 -0.334	      1	  0.375	  0.452	  0.476	
 -0.637	  0.375	      1	  0.894	  0.674	
 -0.734	  0.452	  0.894	      1	  0.821	
 -0.468	  0.476	  0.674	  0.821	      1	

posterior probs

  -	0.26	0.015	0.005	0.052	
0.26	  -	0.75	0.78	0.82	
0.015	0.75	  -	  1	  1	
0.005	0.78	  1	  -	  1	
0.052	0.82	  1	  1	  -	

precisions

    103	   8.69	 -0.892	   18.2	  -20.9	
   8.69	2.09e+03	  -1.43	  -26.9	   -118	
 -0.892	  -1.43	   1.53	  -1.94	   1.64	
   18.2	  -26.9	  -1.94	   9.91	  -13.6	
  -20.9	   -118	   1.64	  -13.6	   89.1	

partial correlation coefficients

     -1	  -0.03	  0.131	 -0.541	  0.329	
  -0.03	     -1	-0.00239	  0.162	  0.286	
  0.131	-0.00239	     -1	  0.546	 -0.178	
 -0.541	  0.162	  0.546	     -1	   0.52	
  0.329	  0.286	 -0.178	   0.52	     -1	

posterior probs

  -	0.47	0.63	0.067	0.81	
0.47	  -	0.49	0.65	0.73	
0.63	0.49	  -	0.93	0.29	
0.067	0.65	0.93	  -	0.92	
0.81	0.73	0.29	0.92	  -	

