entries are in the following order:
dS
omega
body_mass
brain_mass
GI

covariances

  0.519	-0.0275	 -0.472	 -0.675	-0.0727	
-0.0275	 0.0244	  0.192	  0.157	 0.0227	
 -0.472	  0.192	   8.73	   5.78	  0.721	
 -0.675	  0.157	   5.78	   4.84	  0.655	
-0.0727	 0.0227	  0.721	  0.655	  0.139	

correlation coefficients

      1	 -0.212	 -0.236	 -0.443	 -0.286	
 -0.212	      1	  0.385	  0.424	  0.368	
 -0.236	  0.385	      1	  0.887	  0.649	
 -0.443	  0.424	  0.887	      1	  0.794	
 -0.286	  0.368	  0.649	  0.794	      1	

posterior probs

  -	0.31	0.22	0.059	0.14	
0.31	  -	0.75	0.76	0.76	
0.22	0.75	  -	  1	  1	
0.059	0.76	  1	  -	  1	
0.14	0.76	  1	  1	  -	

precisions

   24.4	   6.18	   -1.7	   4.45	  -5.03	
   6.18	2.09e+03	  -7.22	  -26.6	  -41.9	
   -1.7	  -7.22	   1.95	  -2.15	   2.07	
   4.45	  -26.6	  -2.15	   6.86	  -7.97	
  -5.03	  -41.9	   2.07	  -7.97	   52.3	

partial correlation coefficients

     -1	-0.0331	  0.344	 -0.434	  0.206	
-0.0331	     -1	  0.099	  0.202	  0.115	
  0.344	  0.099	     -1	  0.645	  -0.22	
 -0.434	  0.202	  0.645	     -1	  0.481	
  0.206	  0.115	  -0.22	  0.481	     -1	

posterior probs

  -	0.48	0.83	0.11	0.73	
0.48	  -	0.58	0.68	0.59	
0.83	0.58	  -	0.96	0.23	
0.11	0.68	0.96	  -	0.92	
0.73	0.59	0.23	0.92	  -	

