entries are in the following order:
dS
omega
body_mass
brain_mass
GI

covariances

   2.11	-0.0424	  -1.65	  -1.97	 -0.181	
-0.0424	  0.017	 0.0819	  0.075	0.00858	
  -1.65	 0.0819	   11.7	   7.67	  0.947	
  -1.97	  0.075	   7.67	   6.36	  0.834	
 -0.181	0.00858	  0.947	  0.834	  0.172	

correlation coefficients

      1	 -0.187	 -0.344	 -0.549	 -0.308	
 -0.187	      1	  0.159	  0.198	  0.138	
 -0.344	  0.159	      1	  0.888	  0.661	
 -0.549	  0.198	  0.888	      1	  0.791	
 -0.308	  0.138	  0.661	  0.791	      1	

posterior probs

  -	0.35	0.094	0.011	0.1	
0.35	  -	0.61	0.63	0.61	
0.094	0.61	  -	  1	  1	
0.011	0.63	  1	  -	  1	
0.1	0.61	  1	  1	  -	

precisions

   3.49	   11.4	 -0.647	    1.8	  -2.93	
   11.4	2.28e+03	 -0.767	  -11.5	  -1.86	
 -0.647	 -0.767	   1.32	  -1.69	   1.63	
    1.8	  -11.5	  -1.69	   4.89	  -7.53	
  -2.93	  -1.86	   1.63	  -7.53	   41.8	

partial correlation coefficients

     -1	 -0.125	   0.34	 -0.489	  0.278	
 -0.125	     -1	0.00767	  0.104	-0.00544	
   0.34	0.00767	     -1	  0.688	 -0.229	
 -0.489	  0.104	  0.688	     -1	  0.548	
  0.278	-0.00544	 -0.229	  0.548	     -1	

posterior probs

  -	0.4	0.83	0.084	0.8	
0.4	  -	0.5	0.59	0.49	
0.83	0.5	  -	0.98	0.22	
0.084	0.59	0.98	  -	0.96	
0.8	0.49	0.22	0.96	  -	

