entries are in the following order:
dS
omega
body_mass
brain_mass
GI

covariances

  0.705	0.00778	  -1.44	  -1.33	 -0.183	
0.00778	 0.0336	-0.0548	-0.0438	-0.00704	
  -1.44	-0.0548	   9.21	   6.15	  0.777	
  -1.33	-0.0438	   6.15	   4.98	  0.691	
 -0.183	-0.00704	  0.777	  0.691	  0.146	

correlation coefficients

      1	 0.0471	 -0.577	 -0.727	 -0.584	
 0.0471	      1	-0.0763	-0.0843	-0.0814	
 -0.577	-0.0763	      1	  0.905	  0.664	
 -0.727	-0.0843	  0.905	      1	  0.805	
 -0.584	-0.0814	  0.664	  0.805	      1	

posterior probs

  -	0.54	0.025	0.0037	0.012	
0.54	  -	0.45	0.45	0.45	
0.025	0.45	  -	  1	  1	
0.0037	0.45	  1	  -	  1	
0.012	0.45	  1	  1	  -	

precisions

   56.5	 -0.346	  -1.17	   14.6	 -0.586	
 -0.346	2.04e+03	   1.01	   5.47	   14.8	
  -1.17	   1.01	   2.08	  -2.27	   1.63	
   14.6	   5.47	  -2.27	   11.4	  -7.49	
 -0.586	   14.8	   1.63	  -7.49	   54.9	

partial correlation coefficients

     -1	-0.0121	  0.232	 -0.472	 0.0744	
-0.0121	     -1	-0.0118	-0.0398	-0.0422	
  0.232	-0.0118	     -1	  0.594	 -0.193	
 -0.472	-0.0398	  0.594	     -1	  0.409	
 0.0744	-0.0422	 -0.193	  0.409	     -1	

posterior probs

  -	0.49	0.74	0.096	0.59	
0.49	  -	0.49	0.47	0.47	
0.74	0.49	  -	0.93	0.25	
0.096	0.47	0.93	  -	0.88	
0.59	0.47	0.25	0.88	  -	

