entries are in the following order:
dS
omega
body_mass
brain_mass
GI

covariances

   1.01	 0.0072	  -1.03	  -1.07	 -0.201	
 0.0072	 0.0669	 -0.282	 -0.187	-0.0252	
  -1.03	 -0.282	   9.69	   6.53	  0.843	
  -1.07	 -0.187	   6.53	    5.3	  0.741	
 -0.201	-0.0252	  0.843	  0.741	  0.153	

correlation coefficients

      1	 0.0903	 -0.337	 -0.473	 -0.525	
 0.0903	      1	 -0.362	  -0.34	 -0.278	
 -0.337	 -0.362	      1	  0.908	  0.686	
 -0.473	  -0.34	  0.908	      1	  0.818	
 -0.525	 -0.278	  0.686	  0.818	      1	

posterior probs

  -	0.59	0.1	0.033	0.014	
0.59	  -	0.26	0.28	0.29	
0.1	0.26	  -	  1	  1	
0.033	0.28	  1	  -	  1	
0.014	0.29	  1	  1	  -	

precisions

   5.02	 -0.102	 -0.353	  0.844	   2.45	
 -0.102	1.69e+03	   10.7	   7.23	   20.6	
 -0.353	   10.7	   1.74	   -1.5	  0.805	
  0.844	   7.23	   -1.5	   4.02	  -5.22	
   2.45	   20.6	  0.805	  -5.22	   45.4	

partial correlation coefficients

     -1	-0.0251	  0.143	 -0.192	 -0.183	
-0.0251	     -1	 -0.227	-0.0526	-0.0689	
  0.143	 -0.227	     -1	  0.657	 -0.124	
 -0.192	-0.0526	  0.657	     -1	  0.438	
 -0.183	-0.0689	 -0.124	  0.438	     -1	

posterior probs

  -	0.48	0.67	0.27	0.27	
0.48	  -	0.31	0.46	0.44	
0.67	0.31	  -	0.97	0.31	
0.27	0.46	0.97	  -	0.93	
0.27	0.44	0.31	0.93	  -	

