entries are in the following order:
dS
omega
body_mass
brain_mass
GI

covariances

  0.927	 0.0473	 -0.065	  0.117	  0.102	
 0.0473	  0.292	   1.06	  0.811	  0.127	
 -0.065	   1.06	   10.2	   6.79	  0.918	
  0.117	  0.811	   6.79	   5.41	  0.766	
  0.102	  0.127	  0.918	  0.766	   0.16	

correlation coefficients

      1	  0.175	0.00578	 0.0839	  0.297	
  0.175	      1	  0.707	  0.743	  0.681	
0.00578	  0.707	      1	  0.912	  0.712	
 0.0839	  0.743	  0.912	      1	  0.818	
  0.297	  0.681	  0.712	  0.818	      1	

posterior probs

  -	0.65	0.49	0.58	0.85	
0.65	  -	0.94	0.95	0.96	
0.49	0.94	  -	  1	  1	
0.58	0.95	  1	  -	  1	
0.85	0.96	  1	  1	  -	

precisions

    123	  -17.4	  0.684	  0.622	  -9.13	
  -17.4	    685	  -12.2	  -21.7	  -54.5	
  0.684	  -12.2	   2.25	 -0.947	  0.704	
  0.622	  -21.7	 -0.947	   5.55	  -5.09	
  -9.13	  -54.5	  0.704	  -5.09	   72.7	

partial correlation coefficients

     -1	    0.2	  -0.14	 -0.111	   0.28	
    0.2	     -1	  0.287	  0.321	  0.195	
  -0.14	  0.287	     -1	  0.466	-0.0787	
 -0.111	  0.321	  0.466	     -1	  0.364	
   0.28	  0.195	-0.0787	  0.364	     -1	

posterior probs

  -	0.66	0.35	0.38	0.79	
0.66	  -	0.73	0.76	0.66	
0.35	0.73	  -	0.88	0.39	
0.38	0.76	0.88	  -	0.86	
0.79	0.66	0.39	0.86	  -	

