entries are in the following order:
dS
omega
body_mass
brain_mass
GI

covariances

   4.91	 0.0562	  -1.91	  -1.77	 -0.267	
 0.0562	 0.0415	 -0.247	 -0.192	-0.0288	
  -1.91	 -0.247	   8.96	   6.15	  0.822	
  -1.77	 -0.192	   6.15	   5.05	  0.721	
 -0.267	-0.0288	  0.822	  0.721	  0.147	

correlation coefficients

      1	  0.115	 -0.288	 -0.357	 -0.317	
  0.115	      1	 -0.363	 -0.377	 -0.335	
 -0.288	 -0.363	      1	  0.912	  0.709	
 -0.357	 -0.377	  0.912	      1	  0.832	
 -0.317	 -0.335	  0.709	  0.832	      1	

posterior probs

  -	0.64	0.1	0.06	0.086	
0.64	  -	0.28	0.28	0.28	
0.1	0.28	  -	  1	  1	
0.06	0.28	  1	  -	  1	
0.086	0.28	  1	  1	  -	

precisions

  0.659	  0.607	-0.0713	  0.234	 0.0533	
  0.607	1.79e+03	    8.1	   15.7	   38.1	
-0.0713	    8.1	   1.72	  -1.41	   1.33	
  0.234	   15.7	  -1.41	   4.84	   -5.9	
 0.0533	   38.1	   1.33	   -5.9	   53.4	

partial correlation coefficients

     -1	-0.0189	 0.0748	 -0.143	-0.00765	
-0.0189	     -1	 -0.138	 -0.164	 -0.112	
 0.0748	 -0.138	     -1	  0.603	 -0.169	
 -0.143	 -0.164	  0.603	     -1	  0.457	
-0.00765	 -0.112	 -0.169	  0.457	     -1	

posterior probs

  -	0.48	0.6	0.32	0.49	
0.48	  -	0.39	0.36	0.41	
0.6	0.39	  -	0.94	0.26	
0.32	0.36	0.94	  -	0.92	
0.49	0.41	0.26	0.92	  -	

