entries are in the following order:
dS
omega
body_mass
brain_mass
GI

covariances

   1.05	-0.00111	-0.0166	 -0.373	-0.0324	
-0.00111	 0.0288	 -0.162	 -0.124	-0.0187	
-0.0166	 -0.162	   8.45	   5.61	  0.717	
 -0.373	 -0.124	   5.61	   4.71	  0.688	
-0.0324	-0.0187	  0.717	  0.688	  0.154	

correlation coefficients

      1	-0.00331	-0.00393	 -0.169	-0.0793	
-0.00331	      1	 -0.274	 -0.283	  -0.24	
-0.00393	 -0.274	      1	  0.887	  0.624	
 -0.169	 -0.283	  0.887	      1	  0.804	
-0.0793	  -0.24	  0.624	  0.804	      1	

posterior probs

  -	0.5	0.5	0.26	0.38	
0.5	  -	0.32	0.33	0.33	
0.5	0.32	  -	  1	  1	
0.26	0.33	  1	  -	  1	
0.38	0.33	  1	  1	  -	

precisions

   4.13	   1.76	 -0.791	    1.5	  -2.66	
   1.76	2.06e+03	   8.38	     13	   27.4	
 -0.791	   8.38	   2.01	  -1.91	   2.49	
    1.5	     13	  -1.91	   5.83	  -8.26	
  -2.66	   27.4	   2.49	  -8.26	   51.8	

partial correlation coefficients

     -1	-0.0184	  0.298	 -0.328	  0.193	
-0.0184	     -1	  -0.12	 -0.109	-0.0754	
  0.298	  -0.12	     -1	  0.652	 -0.289	
 -0.328	 -0.109	  0.652	     -1	   0.55	
  0.193	-0.0754	 -0.289	   0.55	     -1	

posterior probs

  -	0.49	0.81	0.16	0.73	
0.49	  -	0.4	0.41	0.44	
0.81	0.4	  -	0.96	0.16	
0.16	0.41	0.96	  -	0.95	
0.73	0.44	0.16	0.95	  -	

