entries are in the following order:
dS
omega
body_mass
brain_mass
GI

covariances

   2.72	 -0.128	  -3.43	  -2.92	 -0.256	
 -0.128	 0.0373	  0.319	  0.255	 0.0346	
  -3.43	  0.319	   11.3	   7.46	  0.759	
  -2.92	  0.255	   7.46	   5.88	  0.714	
 -0.256	 0.0346	  0.759	  0.714	   0.15	

correlation coefficients

      1	 -0.383	 -0.613	 -0.731	 -0.405	
 -0.383	      1	  0.476	  0.534	  0.461	
 -0.613	  0.476	      1	  0.911	  0.576	
 -0.731	  0.534	  0.911	      1	  0.754	
 -0.405	  0.461	  0.576	  0.754	      1	

posterior probs

  -	0.21	0.0069	0.00062	0.04	
0.21	  -	0.8	0.81	0.83	
0.0069	0.8	  -	  1	  1	
0.00062	0.81	  1	  -	  1	
0.04	0.83	  1	  1	  -	

precisions

   3.92	   6.13	 -0.803	   3.07	  -6.01	
   6.13	2.02e+03	   -6.9	  -37.7	  -75.5	
 -0.803	   -6.9	   1.98	  -2.66	   3.97	
   3.07	  -37.7	  -2.66	   10.1	  -13.1	
  -6.01	  -75.5	   3.97	  -13.1	   72.2	

partial correlation coefficients

     -1	-0.0618	   0.31	 -0.528	   0.39	
-0.0618	     -1	 0.0844	  0.243	  0.181	
   0.31	 0.0844	     -1	  0.656	 -0.385	
 -0.528	  0.243	  0.656	     -1	  0.561	
   0.39	  0.181	 -0.385	  0.561	     -1	

posterior probs

  -	0.45	0.81	0.071	0.87	
0.45	  -	0.57	0.72	0.65	
0.81	0.57	  -	0.96	0.12	
0.071	0.72	0.96	  -	0.94	
0.87	0.65	0.12	0.94	  -	

