entries are in the following order:
dS
omega
body_mass
brain_mass
GI

covariances

   1.09	  0.193	  -2.31	  -1.98	 -0.286	
  0.193	   0.16	 -0.647	 -0.524	-0.0791	
  -2.31	 -0.647	   8.84	   6.18	  0.843	
  -1.98	 -0.524	   6.18	   5.13	  0.759	
 -0.286	-0.0791	  0.843	  0.759	  0.156	

correlation coefficients

      1	  0.485	 -0.774	 -0.876	 -0.726	
  0.485	      1	 -0.505	 -0.539	 -0.466	
 -0.774	 -0.505	      1	  0.915	  0.711	
 -0.876	 -0.539	  0.915	      1	  0.844	
 -0.726	 -0.466	  0.711	  0.844	      1	

posterior probs

  -	0.79	0.0022	0.00047	0.0032	
0.79	  -	0.21	0.21	0.21	
0.0022	0.21	  -	  1	  1	
0.00047	0.21	  1	  -	  1	
0.0032	0.21	  1	  1	  -	

precisions

    184	  -77.9	 -0.271	   49.4	   1.94	
  -77.9	1.7e+03	   9.37	   49.1	     34	
 -0.271	   9.37	   3.38	  -2.78	   2.25	
   49.4	   49.1	  -2.78	   34.6	   -9.2	
   1.94	     34	   2.25	   -9.2	   82.8	

partial correlation coefficients

     -1	  0.123	  0.121	 -0.528	 0.0629	
  0.123	     -1	 -0.116	  -0.21	-0.0871	
  0.121	 -0.116	     -1	  0.427	 -0.194	
 -0.528	  -0.21	  0.427	     -1	   0.32	
 0.0629	-0.0871	 -0.194	   0.32	     -1	

posterior probs

  -	0.6	0.62	0.087	0.57	
0.6	  -	0.41	0.32	0.43	
0.62	0.41	  -	0.84	0.26	
0.087	0.32	0.84	  -	0.78	
0.57	0.43	0.26	0.78	  -	

