entries are in the following order:
dS
omega
body_mass
brain_mass
GI

covariances

   1.26	  0.279	  -2.85	  -2.22	  -0.21	
  0.279	  0.275	 -0.772	 -0.667	-0.0798	
  -2.85	 -0.772	   12.4	   8.37	  0.974	
  -2.22	 -0.667	   8.37	   6.71	  0.859	
  -0.21	-0.0798	  0.974	  0.859	  0.165	

correlation coefficients

      1	  0.588	 -0.709	 -0.756	 -0.446	
  0.588	      1	 -0.506	 -0.582	 -0.451	
 -0.709	 -0.506	      1	  0.912	  0.669	
 -0.756	 -0.582	  0.912	      1	  0.809	
 -0.446	 -0.451	  0.669	  0.809	      1	

posterior probs

  -	0.9	0.0057	0.0022	0.054	
0.9	  -	0.15	0.1	0.12	
0.0057	0.15	  -	  1	  1	
0.0022	0.1	  1	  -	  1	
0.054	0.12	  1	  1	  -	

precisions

   58.6	    -52	  0.926	     15	  -15.4	
    -52	    712	   3.87	     22	   26.3	
  0.926	   3.87	   1.64	  -1.33	   1.43	
     15	     22	  -1.33	   12.4	    -14	
  -15.4	   26.3	   1.43	    -14	   68.7	

partial correlation coefficients

     -1	  0.373	0.00211	 -0.467	  0.409	
  0.373	     -1	 0.0323	 -0.152	-0.0985	
0.00211	 0.0323	     -1	  0.521	 -0.194	
 -0.467	 -0.152	  0.521	     -1	  0.618	
  0.409	-0.0985	 -0.194	  0.618	     -1	

posterior probs

  -	0.8	0.51	0.11	0.86	
0.8	  -	0.55	0.36	0.4	
0.51	0.55	  -	0.9	0.26	
0.11	0.36	0.9	  -	0.96	
0.86	0.4	0.26	0.96	  -	

