entries are in the following order:
dS
omega
body_mass
brain_mass
GI

covariances

  0.477	0.00814	 -0.778	 -0.897	 -0.136	
0.00814	 0.0405	-0.0732	-0.0654	-0.0101	
 -0.778	-0.0732	   9.19	   6.35	  0.882	
 -0.897	-0.0654	   6.35	   5.42	  0.793	
 -0.136	-0.0101	  0.882	  0.793	  0.163	

correlation coefficients

      1	 0.0887	 -0.463	 -0.651	  -0.57	
 0.0887	      1	-0.0988	 -0.115	 -0.103	
 -0.463	-0.0988	      1	  0.898	  0.714	
 -0.651	 -0.115	  0.898	      1	   0.84	
  -0.57	 -0.103	  0.714	   0.84	      1	

posterior probs

  -	0.56	0.11	0.033	0.043	
0.56	  -	0.44	0.43	0.43	
0.11	0.44	  -	  1	  1	
0.033	0.43	  1	  -	  1	
0.043	0.43	  1	  1	  -	

precisions

    212	    -29	     -2	   20.2	   11.2	
    -29	2.04e+03	  0.948	   7.36	   7.95	
     -2	  0.948	   2.69	  -2.95	   1.08	
   20.2	   7.36	  -2.95	   11.2	  -6.86	
   11.2	   7.95	   1.08	  -6.86	   65.3	

partial correlation coefficients

     -1	 0.0501	  0.281	 -0.487	0.00549	
 0.0501	     -1	-0.0075	-0.0483	-0.0217	
  0.281	-0.0075	     -1	  0.586	 -0.113	
 -0.487	-0.0483	  0.586	     -1	  0.355	
0.00549	-0.0217	 -0.113	  0.355	     -1	

posterior probs

  -	0.54	0.75	0.1	0.52	
0.54	  -	0.49	0.46	0.48	
0.75	0.49	  -	0.93	0.35	
0.1	0.46	0.93	  -	0.84	
0.52	0.48	0.35	0.84	  -	

