entries are in the following order:
dS
omega
body_mass
brain_mass
GI

covariances

   2.33	0.00809	  -2.82	  -2.63	 -0.361	
0.00809	 0.0728	 0.0818	 0.0385	0.00349	
  -2.82	 0.0818	   9.51	   6.37	  0.795	
  -2.63	 0.0385	   6.37	   5.22	  0.723	
 -0.361	0.00349	  0.795	  0.723	  0.154	

correlation coefficients

      1	0.00536	 -0.604	 -0.766	 -0.611	
0.00536	      1	 0.0952	  0.072	 0.0485	
 -0.604	 0.0952	      1	  0.902	   0.65	
 -0.766	  0.072	  0.902	      1	  0.802	
 -0.611	 0.0485	   0.65	  0.802	      1	

posterior probs

  -	0.49	0.0067	0.00042	0.0034	
0.49	  -	0.56	0.54	0.53	
0.0067	0.56	  -	  1	  1	
0.00042	0.54	  1	  -	  1	
0.0034	0.53	  1	  1	  -	

precisions

   7.55	  -10.7	 -0.588	    3.7	  -1.21	
  -10.7	1.86e+03	  -3.98	  -7.36	  -2.06	
 -0.588	  -3.98	   1.93	  -2.12	   1.72	
    3.7	  -7.36	  -2.12	   8.33	  -7.41	
  -1.21	  -2.06	   1.72	  -7.41	     48	

partial correlation coefficients

     -1	  0.121	  0.239	 -0.483	    0.1	
  0.121	     -1	  0.077	 0.0683	-0.00394	
  0.239	  0.077	     -1	  0.621	 -0.219	
 -0.483	 0.0683	  0.621	     -1	  0.447	
    0.1	-0.00394	 -0.219	  0.447	     -1	

posterior probs

  -	0.6	0.75	0.084	0.62	
0.6	  -	0.56	0.56	0.5	
0.75	0.56	  -	0.95	0.22	
0.084	0.56	0.95	  -	0.91	
0.62	0.5	0.22	0.91	  -	

