entries are in the following order:
dS
omega
body_mass
brain_mass
GI

covariances

   1.77	 0.0091	 0.0906	 -0.311	 -0.119	
 0.0091	 0.0694	 -0.108	-0.0885	-0.0139	
 0.0906	 -0.108	   8.68	   5.88	  0.758	
 -0.311	-0.0885	   5.88	   4.85	  0.684	
 -0.119	-0.0139	  0.758	  0.684	  0.143	

correlation coefficients

      1	 0.0288	 0.0083	 -0.125	 -0.251	
 0.0288	      1	 -0.121	 -0.134	 -0.122	
 0.0083	 -0.121	      1	  0.904	  0.674	
 -0.125	 -0.134	  0.904	      1	  0.817	
 -0.251	 -0.122	  0.674	  0.817	      1	

posterior probs

  -	0.53	0.51	0.31	0.15	
0.53	  -	0.42	0.42	0.42	
0.51	0.42	  -	  1	  1	
0.31	0.42	  1	  -	  1	
0.15	0.42	  1	  1	  -	

precisions

   2.13	  -1.04	 -0.284	  0.289	   1.23	
  -1.04	1.81e+03	   1.54	   6.24	   13.1	
 -0.284	   1.54	   1.85	  -1.41	   1.01	
  0.289	   6.24	  -1.41	   4.99	  -5.74	
   1.23	   13.1	   1.01	  -5.74	   54.2	

partial correlation coefficients

     -1	 0.0182	  0.177	 -0.094	  -0.15	
 0.0182	     -1	-0.0306	-0.0679	-0.0437	
  0.177	-0.0306	     -1	  0.608	 -0.141	
 -0.094	-0.0679	  0.608	     -1	  0.448	
  -0.15	-0.0437	 -0.141	  0.448	     -1	

posterior probs

  -	0.51	0.72	0.38	0.3	
0.51	  -	0.48	0.44	0.47	
0.72	0.48	  -	0.94	0.29	
0.38	0.44	0.94	  -	0.91	
0.3	0.47	0.29	0.91	  -	

