entries are in the following order:
dS
omega
body_mass
brain_mass
GI

covariances

   1.01	-0.0281	 -0.584	 -0.754	  -0.12	
-0.0281	 0.0475	 -0.159	 -0.102	-0.0113	
 -0.584	 -0.159	   7.98	   5.48	  0.712	
 -0.754	 -0.102	   5.48	   4.64	  0.664	
  -0.12	-0.0113	  0.712	  0.664	  0.142	

correlation coefficients

      1	-0.0319	 -0.225	 -0.368	 -0.331	
-0.0319	      1	 -0.272	 -0.246	 -0.175	
 -0.225	 -0.272	      1	  0.898	  0.663	
 -0.368	 -0.246	  0.898	      1	  0.814	
 -0.331	 -0.175	  0.663	  0.814	      1	

posterior probs

  -	0.48	0.2	0.082	0.094	
0.48	  -	0.32	0.34	0.37	
0.2	0.32	  -	  1	  1	
0.082	0.34	  1	  -	  1	
0.094	0.37	  1	  1	  -	

precisions

    4.6	   3.61	 -0.403	   1.24	 -0.273	
   3.61	1.88e+03	    8.9	   8.82	   6.01	
 -0.403	    8.9	   1.76	  -1.69	   1.28	
   1.24	   8.82	  -1.69	   4.68	  -6.76	
 -0.273	   6.01	   1.28	  -6.76	   46.5	

partial correlation coefficients

     -1	-0.0799	  0.181	 -0.272	 0.0206	
-0.0799	     -1	 -0.167	-0.0825	0.00591	
  0.181	 -0.167	     -1	  0.661	 -0.182	
 -0.272	-0.0825	  0.661	     -1	  0.509	
 0.0206	0.00591	 -0.182	  0.509	     -1	

posterior probs

  -	0.44	0.72	0.19	0.53	
0.44	  -	0.36	0.43	0.51	
0.72	0.36	  -	0.97	0.24	
0.19	0.43	0.97	  -	0.95	
0.53	0.51	0.24	0.95	  -	

