entries are in the following order:
dS
omega
body_mass
brain_mass
GI

covariances

   1.71	  -1.02	   -3.6	  -2.73	 -0.309	
  -1.02	   5.49	   1.89	   1.85	  0.293	
   -3.6	   1.89	   11.8	   7.97	   1.04	
  -2.73	   1.85	   7.97	    6.4	  0.877	
 -0.309	  0.293	   1.04	  0.877	  0.174	

correlation coefficients

      1	 -0.322	 -0.821	 -0.848	 -0.576	
 -0.322	      1	  0.236	  0.318	  0.309	
 -0.821	  0.236	      1	  0.913	  0.713	
 -0.848	  0.318	  0.913	      1	  0.824	
 -0.576	  0.309	  0.713	  0.824	      1	

posterior probs

  -	0.17	0.0006	0.00019	0.026	
0.17	  -	0.8	0.89	0.91	
0.0006	0.8	  -	  1	  1	
0.00019	0.89	  1	  -	  1	
0.026	0.91	  1	  1	  -	

precisions

   41.7	   0.96	   3.22	   13.9	  -13.6	
   0.96	   1.27	  0.174	 0.0936	  -0.75	
   3.22	  0.174	   1.69	 -0.801	 -0.132	
   13.9	 0.0936	 -0.801	   8.59	  -12.2	
  -13.6	  -0.75	 -0.132	  -12.2	     52	

partial correlation coefficients

     -1	 -0.203	 -0.244	  -0.64	  0.428	
 -0.203	     -1	 -0.164	-0.0149	  0.123	
 -0.244	 -0.164	     -1	  0.374	-0.0316	
  -0.64	-0.0149	  0.374	     -1	   0.63	
  0.428	  0.123	-0.0316	   0.63	     -1	

posterior probs

  -	0.32	0.3	0.034	0.84	
0.32	  -	0.3	0.49	0.66	
0.3	0.3	  -	0.85	0.44	
0.034	0.49	0.85	  -	0.97	
0.84	0.66	0.44	0.97	  -	

