entries are in the following order:
dS
omega
body_mass
brain_mass
GI

covariances

   1.67	0.00947	  0.625	-0.0529	-0.0562	
0.00947	 0.0391	   0.26	  0.194	 0.0272	
  0.625	   0.26	   8.57	   5.83	  0.748	
-0.0529	  0.194	   5.83	   4.79	  0.672	
-0.0562	 0.0272	  0.748	  0.672	  0.139	

correlation coefficients

      1	 0.0239	  0.157	-0.0282	 -0.126	
 0.0239	      1	  0.423	  0.429	  0.358	
  0.157	  0.423	      1	  0.907	  0.679	
-0.0282	  0.429	  0.907	      1	  0.819	
 -0.126	  0.358	  0.679	  0.819	      1	

posterior probs

  -	0.53	0.76	0.45	0.28	
0.53	  -	0.76	0.76	0.75	
0.76	0.76	  -	  1	  1	
0.45	0.76	  1	  -	  1	
0.28	0.75	  1	  1	  -	

precisions

   2.01	  -1.05	 -0.479	  0.637	  0.466	
  -1.05	1.92e+03	  -12.1	  -18.5	    -30	
 -0.479	  -12.1	   2.11	  -1.65	   1.27	
  0.637	  -18.5	  -1.65	   5.06	  -6.05	
  0.466	    -30	   1.27	  -6.05	   49.8	

partial correlation coefficients

     -1	 0.0254	  0.303	 -0.227	-0.0521	
 0.0254	     -1	  0.187	  0.171	 0.0834	
  0.303	  0.187	     -1	   0.62	 -0.153	
 -0.227	  0.171	   0.62	     -1	  0.456	
-0.0521	 0.0834	 -0.153	  0.456	     -1	

posterior probs

  -	0.52	0.84	0.22	0.42	
0.52	  -	0.65	0.64	0.57	
0.84	0.65	  -	0.95	0.27	
0.22	0.64	0.95	  -	0.92	
0.42	0.57	0.27	0.92	  -	

