entries are in the following order:
dS
omega
body_mass
brain_mass
GI

covariances

  0.996	-0.0177	 -0.603	 -0.763	  -0.12	
-0.0177	 0.0383	 -0.143	-0.0935	-0.0106	
 -0.603	 -0.143	   7.99	    5.5	  0.713	
 -0.763	-0.0935	    5.5	   4.66	  0.667	
  -0.12	-0.0106	  0.713	  0.667	  0.142	

correlation coefficients

      1	-0.0177	 -0.232	 -0.374	 -0.334	
-0.0177	      1	 -0.267	 -0.243	 -0.173	
 -0.232	 -0.267	      1	  0.898	  0.664	
 -0.374	 -0.243	  0.898	      1	  0.815	
 -0.334	 -0.173	  0.664	  0.815	      1	

posterior probs

  -	0.49	0.19	0.081	0.092	
0.49	  -	0.32	0.34	0.37	
0.19	0.32	  -	  1	  1	
0.081	0.34	  1	  -	  1	
0.092	0.37	  1	  1	  -	

precisions

   4.51	   3.43	 -0.399	   1.27	  -0.36	
   3.43	1.98e+03	   9.13	   8.32	    3.6	
 -0.399	   9.13	   1.75	  -1.67	   1.21	
   1.27	   8.32	  -1.67	   4.61	  -6.82	
  -0.36	    3.6	   1.21	  -6.82	   46.3	

partial correlation coefficients

     -1	-0.0689	  0.181	 -0.276	 0.0262	
-0.0689	     -1	 -0.162	-0.0804	 0.0126	
  0.181	 -0.162	     -1	   0.66	 -0.179	
 -0.276	-0.0804	   0.66	     -1	  0.515	
 0.0262	 0.0126	 -0.179	  0.515	     -1	

posterior probs

  -	0.45	0.72	0.18	0.54	
0.45	  -	0.36	0.43	0.52	
0.72	0.36	  -	0.97	0.24	
0.18	0.43	0.97	  -	0.95	
0.54	0.52	0.24	0.95	  -	

