entries are in the following order:
dS
omega
body_mass
brain_mass
GI

covariances

   1.02	  0.141	  -1.27	  -1.45	 -0.231	
  0.141	  0.294	   -1.1	 -0.803	 -0.132	
  -1.27	   -1.1	      9	   6.08	  0.796	
  -1.45	 -0.803	   6.08	   5.07	  0.718	
 -0.231	 -0.132	  0.796	  0.718	  0.153	

correlation coefficients

      1	   0.39	 -0.455	 -0.676	 -0.614	
   0.39	      1	 -0.752	 -0.749	 -0.698	
 -0.455	 -0.752	      1	  0.897	  0.671	
 -0.676	 -0.749	  0.897	      1	   0.81	
 -0.614	 -0.698	  0.671	   0.81	      1	

posterior probs

  -	0.83	0.04	0.0024	0.0038	
0.83	  -	0.018	0.023	0.015	
0.04	0.018	  -	  1	  1	
0.0024	0.023	  1	  -	  1	
0.0038	0.015	  1	  1	  -	

precisions

   26.6	  -6.36	  -1.47	   7.59	   2.37	
  -6.36	    398	   15.3	   19.3	   58.7	
  -1.47	   15.3	   3.31	  -2.27	   3.12	
   7.59	   19.3	  -2.27	   8.98	  -4.23	
   2.37	   58.7	   3.12	  -4.23	     70	

partial correlation coefficients

     -1	 -0.117	  0.301	 -0.513	-0.0899	
 -0.117	     -1	 -0.364	 -0.188	 -0.395	
  0.301	 -0.364	     -1	  0.585	  -0.24	
 -0.513	 -0.188	  0.585	     -1	  0.278	
-0.0899	 -0.395	  -0.24	  0.278	     -1	

posterior probs

  -	0.39	0.79	0.067	0.39	
0.39	  -	0.2	0.34	0.18	
0.79	0.2	  -	0.92	0.21	
0.067	0.34	0.92	  -	0.8	
0.39	0.18	0.21	0.8	  -	

