entries are in the following order:
dS
omega
body_mass
brain_mass
GI

covariances

  0.969	 0.0451	-0.0663	  0.127	  0.106	
 0.0451	  0.255	  0.991	  0.753	  0.118	
-0.0663	  0.991	   10.2	   6.77	  0.916	
  0.127	  0.753	   6.77	   5.39	  0.763	
  0.106	  0.118	  0.916	  0.763	   0.16	

correlation coefficients

      1	  0.175	0.00213	 0.0831	  0.299	
  0.175	      1	  0.711	  0.746	  0.687	
0.00213	  0.711	      1	  0.912	  0.711	
 0.0831	  0.746	  0.912	      1	  0.818	
  0.299	  0.687	  0.711	  0.818	      1	

posterior probs

  -	0.66	0.49	0.58	0.85	
0.66	  -	0.95	0.95	0.96	
0.49	0.95	  -	  1	  1	
0.58	0.95	  1	  -	  1	
0.85	0.96	  1	  1	  -	

precisions

   77.2	  -15.2	  0.641	  0.846	  -9.06	
  -15.2	    755	  -12.6	    -23	  -63.5	
  0.641	  -12.6	   2.21	 -0.968	   0.71	
  0.846	    -23	 -0.968	   5.57	  -5.07	
  -9.06	  -63.5	   0.71	  -5.07	   77.1	

partial correlation coefficients

     -1	  0.196	 -0.147	 -0.115	   0.28	
  0.196	     -1	  0.293	  0.318	   0.21	
 -0.147	  0.293	     -1	  0.468	-0.0833	
 -0.115	  0.318	  0.468	     -1	  0.361	
   0.28	   0.21	-0.0833	  0.361	     -1	

posterior probs

  -	0.65	0.35	0.38	0.78	
0.65	  -	0.73	0.76	0.67	
0.35	0.73	  -	0.88	0.39	
0.38	0.76	0.88	  -	0.85	
0.78	0.67	0.39	0.85	  -	

