entries are in the following order:
dS
omega
body_mass
brain_mass
GI

covariances

   1.25	  0.161	  -0.71	 -0.868	 -0.114	
  0.161	   1.08	  -1.74	  -1.35	 -0.169	
  -0.71	  -1.74	   9.26	   6.17	  0.761	
 -0.868	  -1.35	   6.17	   5.19	  0.712	
 -0.114	 -0.169	  0.761	  0.712	  0.151	

correlation coefficients

      1	  0.186	  -0.21	 -0.346	 -0.271	
  0.186	      1	 -0.707	 -0.723	 -0.544	
  -0.21	 -0.707	      1	  0.886	  0.635	
 -0.346	 -0.723	  0.886	      1	  0.797	
 -0.271	 -0.544	  0.635	  0.797	      1	

posterior probs

  -	0.72	0.23	0.096	0.15	
0.72	  -	0.015	0.01	0.032	
0.23	0.015	  -	  1	  1	
0.096	0.01	  1	  -	  1	
0.15	0.032	  1	  1	  -	

precisions

   2.71	  0.798	 -0.289	   1.13	 -0.606	
  0.798	    210	   7.23	   12.9	   8.85	
 -0.289	   7.23	   1.82	  -1.14	   1.36	
   1.13	   12.9	  -1.14	   4.89	  -5.87	
 -0.606	   8.85	   1.36	  -5.87	   35.8	

partial correlation coefficients

     -1	 -0.108	  0.174	 -0.315	 0.0741	
 -0.108	     -1	 -0.258	 -0.337	 0.0225	
  0.174	 -0.258	     -1	  0.578	 -0.211	
 -0.315	 -0.337	  0.578	     -1	  0.539	
 0.0741	 0.0225	 -0.211	  0.539	     -1	

posterior probs

  -	0.4	0.69	0.16	0.6	
0.4	  -	0.29	0.18	0.54	
0.69	0.29	  -	0.93	0.2	
0.16	0.18	0.93	  -	0.95	
0.6	0.54	0.2	0.95	  -	

