entries are in the following order:
dS
omega
body_mass
brain_mass
GI

covariances

   1.13	 0.0968	 -0.772	 -0.836	 -0.105	
 0.0968	  0.174	 -0.598	 -0.394	-0.0402	
 -0.772	 -0.598	     10	   6.62	  0.775	
 -0.836	 -0.394	   6.62	   5.38	  0.694	
 -0.105	-0.0402	  0.775	  0.694	  0.147	

correlation coefficients

      1	  0.307	 -0.242	 -0.354	 -0.272	
  0.307	      1	 -0.543	 -0.515	 -0.347	
 -0.242	 -0.543	      1	  0.898	  0.634	
 -0.354	 -0.515	  0.898	      1	  0.777	
 -0.272	 -0.347	  0.634	  0.777	      1	

posterior probs

  -	0.78	0.19	0.093	0.13	
0.78	  -	0.12	0.12	0.18	
0.19	0.12	  -	  1	  1	
0.093	0.12	  1	  -	  1	
0.13	0.18	  1	  1	  -	

precisions

   6.21	  -15.9	 -0.687	  0.781	 -0.267	
  -15.9	    964	   10.5	   9.34	   3.35	
 -0.687	   10.5	   1.66	  -1.34	  0.589	
  0.781	   9.34	  -1.34	   3.55	  -5.19	
 -0.267	   3.35	  0.589	  -5.19	   34.9	

partial correlation coefficients

     -1	  0.303	  0.252	 -0.234	 0.0336	
  0.303	     -1	 -0.352	 -0.072	  0.053	
  0.252	 -0.352	     -1	  0.647	 -0.133	
 -0.234	 -0.072	  0.647	     -1	  0.506	
 0.0336	  0.053	 -0.133	  0.506	     -1	

posterior probs

  -	0.74	0.77	0.24	0.55	
0.74	  -	0.2	0.45	0.56	
0.77	0.2	  -	0.96	0.3	
0.24	0.45	0.96	  -	0.96	
0.55	0.56	0.3	0.96	  -	

