entries are in the following order:
dS
omega
body_mass
brain_mass
GI

covariances

  0.598	-0.00911	   -1.3	  -1.15	 -0.124	
-0.00911	 0.0715	0.00514	 0.0437	 0.0104	
   -1.3	0.00514	   9.03	   6.01	  0.752	
  -1.15	 0.0437	   6.01	   5.03	  0.697	
 -0.124	 0.0104	  0.752	  0.697	  0.147	

correlation coefficients

      1	 -0.053	 -0.599	 -0.703	 -0.449	
 -0.053	      1	 0.0457	  0.104	  0.122	
 -0.599	 0.0457	      1	  0.888	  0.644	
 -0.703	  0.104	  0.888	      1	  0.804	
 -0.449	  0.122	  0.644	  0.804	      1	

posterior probs

  -	0.46	0.019	0.0037	0.052	
0.46	  -	0.53	0.57	0.59	
0.019	0.53	  -	  1	  1	
0.0037	0.57	  1	  -	  1	
0.052	0.59	  1	  1	  -	

precisions

   56.9	  -2.66	-0.0652	   11.5	  -8.97	
  -2.66	1.8e+03	   4.28	  -12.7	  -13.3	
-0.0652	   4.28	   1.66	  -1.89	   1.52	
   11.5	  -12.7	  -1.89	   8.12	  -10.5	
  -8.97	  -13.3	   1.52	  -10.5	   56.6	

partial correlation coefficients

     -1	 0.0592	  0.126	 -0.507	  0.266	
 0.0592	     -1	 -0.122	  0.154	 0.0447	
  0.126	 -0.122	     -1	  0.589	 -0.201	
 -0.507	  0.154	  0.589	     -1	  0.552	
  0.266	 0.0447	 -0.201	  0.552	     -1	

posterior probs

  -	0.55	0.63	0.072	0.78	
0.55	  -	0.4	0.64	0.54	
0.63	0.4	  -	0.94	0.24	
0.072	0.64	0.94	  -	0.94	
0.78	0.54	0.24	0.94	  -	

