entries are in the following order:
dS
omega
body_mass
brain_mass
GI

covariances

   1.21	 -0.128	  -1.09	 -0.919	-0.0703	
 -0.128	 0.0782	  0.548	  0.432	 0.0598	
  -1.09	  0.548	   9.34	   6.05	  0.747	
 -0.919	  0.432	   6.05	   4.93	  0.674	
-0.0703	 0.0598	  0.747	  0.674	  0.145	

correlation coefficients

      1	 -0.421	 -0.327	 -0.385	 -0.178	
 -0.421	      1	  0.695	  0.757	  0.619	
 -0.327	  0.695	      1	  0.889	  0.637	
 -0.385	  0.757	  0.889	      1	  0.794	
 -0.178	  0.619	  0.637	  0.794	      1	

posterior probs

  -	0.11	0.098	0.061	0.23	
0.11	  -	0.95	0.95	0.94	
0.098	0.95	  -	  1	  1	
0.061	0.95	  1	  -	  1	
0.23	0.94	  1	  1	  -	

precisions

   4.75	   16.8	 -0.374	  0.388	  -3.23	
   16.8	1.08e+03	    -11	    -34	  -51.1	
 -0.374	    -11	   1.53	  -1.11	   1.69	
  0.388	    -34	  -1.11	   6.02	  -5.81	
  -3.23	  -51.1	   1.69	  -5.81	   50.4	

partial correlation coefficients

     -1	 -0.262	  0.131	 -0.144	  0.239	
 -0.262	     -1	  0.215	  0.383	  0.183	
  0.131	  0.215	     -1	  0.516	 -0.226	
 -0.144	  0.383	  0.516	     -1	  0.443	
  0.239	  0.183	 -0.226	  0.443	     -1	

posterior probs

  -	0.3	0.64	0.34	0.78	
0.3	  -	0.67	0.81	0.65	
0.64	0.67	  -	0.9	0.21	
0.34	0.81	0.9	  -	0.89	
0.78	0.65	0.21	0.89	  -	

