entries are in the following order:
dS
omega
body_mass
brain_mass
GI

covariances

  0.432	-0.0231	  -1.53	  -1.31	 -0.172	
-0.0231	  0.113	 0.0126	 0.0375	0.00795	
  -1.53	 0.0126	   10.1	   6.88	  0.844	
  -1.31	 0.0375	   6.88	   5.61	  0.757	
 -0.172	0.00795	  0.844	  0.757	  0.151	

correlation coefficients

      1	-0.0546	 -0.763	 -0.876	  -0.71	
-0.0546	      1	0.000337	 0.0277	 0.0386	
 -0.763	0.000337	      1	  0.913	  0.678	
 -0.876	 0.0277	  0.913	      1	  0.817	
  -0.71	 0.0386	  0.678	  0.817	      1	

posterior probs

  -	0.47	0.0086	0.0018	0.0052	
0.47	  -	0.5	0.51	0.52	
0.0086	0.5	  -	  1	  1	
0.0018	0.51	  1	  -	  1	
0.0052	0.52	  1	  1	  -	

precisions

    313	   22.6	 -0.468	   53.7	   4.01	
   22.6	1.93e+03	   4.62	  -5.25	  -7.99	
 -0.468	   4.62	   3.05	  -3.13	   1.82	
   53.7	  -5.25	  -3.13	   25.1	  -9.77	
   4.01	  -7.99	   1.82	  -9.77	   77.7	

partial correlation coefficients

     -1	-0.0605	  0.119	 -0.582	 0.0627	
-0.0605	     -1	-0.0706	 0.0205	 0.0238	
  0.119	-0.0706	     -1	  0.453	 -0.179	
 -0.582	 0.0205	  0.453	     -1	  0.325	
 0.0627	 0.0238	 -0.179	  0.325	     -1	

posterior probs

  -	0.45	0.61	0.067	0.57	
0.45	  -	0.44	0.52	0.52	
0.61	0.44	  -	0.85	0.29	
0.067	0.52	0.85	  -	0.79	
0.57	0.52	0.29	0.79	  -	

