entries are in the following order:
dS
omega
body_mass
brain_mass
GI

covariances

  0.277	 -0.117	  -1.21	 -0.849	-0.0727	
 -0.117	  0.387	   1.23	   0.98	  0.194	
  -1.21	   1.23	   10.8	   6.99	  0.853	
 -0.849	   0.98	   6.99	   5.61	  0.743	
-0.0727	  0.194	  0.853	  0.743	  0.153	

correlation coefficients

      1	 -0.387	 -0.761	 -0.753	 -0.434	
 -0.387	      1	  0.619	  0.689	  0.831	
 -0.761	  0.619	      1	  0.896	  0.657	
 -0.753	  0.689	  0.896	      1	  0.797	
 -0.434	  0.831	  0.657	  0.797	      1	

posterior probs

  -	0.17	0.0096	0.0099	0.089	
0.17	  -	0.96	0.98	  1	
0.0096	0.96	  -	  1	  1	
0.0099	0.98	  1	  -	  1	
0.089	  1	  1	  1	  -	

precisions

    397	  -22.7	   8.37	   28.3	  -7.64	
  -22.7	    173	  -6.47	  -6.49	   -140	
   8.37	  -6.47	   2.33	 -0.775	   2.86	
   28.3	  -6.49	 -0.775	   8.91	    -16	
  -7.64	   -140	   2.86	    -16	    244	

partial correlation coefficients

     -1	  0.166	 -0.285	 -0.508	  0.174	
  0.166	     -1	   0.27	 0.0447	  0.623	
 -0.285	   0.27	     -1	  0.325	 -0.166	
 -0.508	 0.0447	  0.325	     -1	  0.412	
  0.174	  0.623	 -0.166	  0.412	     -1	

posterior probs

  -	0.65	0.26	0.11	0.66	
0.65	  -	0.73	0.53	0.95	
0.26	0.73	  -	0.8	0.32	
0.11	0.53	0.8	  -	0.86	
0.66	0.95	0.32	0.86	  -	

