entries are in the following order:
dS
omega
body_mass
brain_mass
GI

covariances

  0.291	 -0.174	  -1.41	  -1.07	 -0.117	
 -0.174	  0.374	   1.12	  0.959	  0.143	
  -1.41	   1.12	   12.5	   8.41	   1.03	
  -1.07	  0.959	   8.41	   6.79	  0.887	
 -0.117	  0.143	   1.03	  0.887	  0.174	

correlation coefficients

      1	 -0.552	 -0.797	 -0.823	  -0.57	
 -0.552	      1	  0.572	  0.651	  0.604	
 -0.797	  0.572	      1	  0.911	  0.689	
 -0.823	  0.651	  0.911	      1	  0.811	
  -0.57	  0.604	  0.689	  0.811	      1	

posterior probs

  -	0.16	0.011	0.01	0.037	
0.16	  -	0.85	0.87	0.89	
0.011	0.85	  -	  1	  1	
0.01	0.87	  1	  -	  1	
0.037	0.89	  1	  1	  -	

precisions

    544	    107	    7.3	   42.1	  -29.8	
    107	1.13e+03	  -3.27	  -43.8	  -70.4	
    7.3	  -3.27	   2.12	  -1.05	-0.0977	
   42.1	  -43.8	  -1.05	     20	  -8.83	
  -29.8	  -70.4	-0.0977	  -8.83	   96.6	

partial correlation coefficients

     -1	 -0.161	 -0.165	 -0.413	  0.258	
 -0.161	     -1	-0.0126	  0.305	  0.256	
 -0.165	-0.0126	     -1	  0.311	-0.0457	
 -0.413	  0.305	  0.311	     -1	   0.33	
  0.258	  0.256	-0.0457	   0.33	     -1	

posterior probs

  -	0.37	0.36	0.16	0.73	
0.37	  -	0.49	0.75	0.7	
0.36	0.49	  -	0.77	0.43	
0.16	0.75	0.77	  -	0.79	
0.73	0.7	0.43	0.79	  -	

