entries are in the following order:
dS
omega
body_mass
brain_mass
GI

covariances

  0.207	0.00956	 -0.915	 -0.796	  -0.13	
0.00956	   3.52	  0.743	  0.364	 0.0268	
 -0.915	  0.743	   9.88	   6.77	  0.922	
 -0.796	  0.364	   6.77	   5.55	  0.799	
  -0.13	 0.0268	  0.922	  0.799	  0.162	

correlation coefficients

      1	0.00306	 -0.678	 -0.789	 -0.755	
0.00306	      1	  0.148	  0.107	 0.0578	
 -0.678	  0.148	      1	  0.913	  0.723	
 -0.789	  0.107	  0.913	      1	  0.839	
 -0.755	 0.0578	  0.723	  0.839	      1	

posterior probs

  -	0.5	0.016	0.0051	0.004	
0.5	  -	0.7	0.64	0.58	
0.016	0.7	  -	  1	  1	
0.0051	0.64	  1	  -	  1	
0.004	0.58	  1	  1	  -	

precisions

    224	  -1.09	-0.0315	   23.1	   47.5	
  -1.09	   14.9	 -0.157	 -0.516	  -1.08	
-0.0315	 -0.157	   1.23	   -1.6	  0.738	
   23.1	 -0.516	   -1.6	    6.2	   -2.8	
   47.5	  -1.08	  0.738	   -2.8	     56	

partial correlation coefficients

     -1	  0.152	  0.106	 -0.505	 -0.326	
  0.152	     -1	  0.079	 0.0587	 0.0144	
  0.106	  0.079	     -1	  0.667	 -0.121	
 -0.505	 0.0587	  0.667	     -1	  0.282	
 -0.326	 0.0144	 -0.121	  0.282	     -1	

posterior probs

  -	0.63	0.61	0.084	0.21	
0.63	  -	0.61	0.56	0.51	
0.61	0.61	  -	0.96	0.3	
0.084	0.56	0.96	  -	0.8	
0.21	0.51	0.3	0.8	  -	

