entries are in the following order:
dS
omega
body_mass
brain_mass
GI

covariances

   1.73	  0.115	  -1.84	  -1.81	 -0.264	
  0.115	  0.156	  -0.57	 -0.429	-0.0692	
  -1.84	  -0.57	   7.85	   5.29	  0.686	
  -1.81	 -0.429	   5.29	   4.35	  0.629	
 -0.264	-0.0692	  0.686	  0.629	  0.137	

correlation coefficients

      1	  0.295	 -0.502	 -0.664	 -0.542	
  0.295	      1	 -0.566	 -0.581	 -0.521	
 -0.502	 -0.566	      1	  0.901	  0.656	
 -0.664	 -0.581	  0.901	      1	  0.811	
 -0.542	 -0.521	  0.656	  0.811	      1	

posterior probs

  -	0.76	0.017	0.0013	0.0071	
0.76	  -	0.15	0.15	0.14	
0.017	0.15	  -	  1	  1	
0.0013	0.15	  1	  -	  1	
0.0071	0.14	  1	  1	  -	

precisions

   6.78	   1.88	 -0.323	    3.4	  0.263	
   1.88	1.28e+03	   13.2	     26	   61.2	
 -0.323	   13.2	   2.61	  -1.89	   2.81	
    3.4	     26	  -1.89	   8.93	  -6.79	
  0.263	   61.2	   2.81	  -6.79	   73.6	

partial correlation coefficients

     -1	 -0.111	  0.192	 -0.426	 0.0322	
 -0.111	     -1	 -0.249	 -0.228	 -0.238	
  0.192	 -0.249	     -1	  0.568	  -0.26	
 -0.426	 -0.228	  0.568	     -1	    0.4	
 0.0322	 -0.238	  -0.26	    0.4	     -1	

posterior probs

  -	0.41	0.72	0.098	0.55	
0.41	  -	0.3	0.31	0.32	
0.72	0.3	  -	0.92	0.19	
0.098	0.31	0.92	  -	0.88	
0.55	0.32	0.19	0.88	  -	

