entries are in the following order:
dS
omega
body_mass
brain_mass
GI

covariances

  0.769	  0.113	  -1.04	  -1.06	 -0.127	
  0.113	 0.0932	 -0.668	 -0.515	-0.0727	
  -1.04	 -0.668	   10.4	   6.93	  0.923	
  -1.06	 -0.515	   6.93	   5.71	  0.812	
 -0.127	-0.0727	  0.923	  0.812	  0.169	

correlation coefficients

      1	  0.489	 -0.377	 -0.515	 -0.359	
  0.489	      1	 -0.755	  -0.79	 -0.654	
 -0.377	 -0.755	      1	  0.898	   0.69	
 -0.515	  -0.79	  0.898	      1	  0.821	
 -0.359	 -0.654	   0.69	  0.821	      1	

posterior probs

  -	0.94	0.063	0.014	0.06	
0.94	  -	0.017	0.015	0.024	
0.063	0.017	  -	  1	  1	
0.014	0.015	  1	  -	  1	
0.06	0.024	  1	  1	  -	

precisions

   8.68	  -21.2	 -0.933	   1.21	  -3.51	
  -21.2	    705	   13.8	   24.4	   36.5	
 -0.933	   13.8	    1.7	  -1.18	   1.52	
   1.21	   24.4	  -1.18	   5.01	  -5.58	
  -3.51	   36.5	   1.52	  -5.58	   41.4	

partial correlation coefficients

     -1	  0.281	  0.278	 -0.287	    0.2	
  0.281	     -1	 -0.332	 -0.275	 -0.141	
  0.278	 -0.332	     -1	  0.537	 -0.208	
 -0.287	 -0.275	  0.537	     -1	  0.478	
    0.2	 -0.141	 -0.208	  0.478	     -1	

posterior probs

  -	0.73	0.79	0.21	0.74	
0.73	  -	0.22	0.27	0.38	
0.79	0.22	  -	0.92	0.22	
0.21	0.27	0.92	  -	0.92	
0.74	0.38	0.22	0.92	  -	

