entries are in the following order:
dS
omega
body_mass
brain_mass
GI

covariances

   1.76	 0.0132	  0.102	 -0.298	 -0.117	
 0.0132	   0.08	-0.0795	-0.0701	 -0.012	
  0.102	-0.0795	   8.68	   5.88	  0.761	
 -0.298	-0.0701	   5.88	   4.85	  0.686	
 -0.117	 -0.012	  0.761	  0.686	  0.143	

correlation coefficients

      1	 0.0231	 0.0115	  -0.12	 -0.248	
 0.0231	      1	-0.0588	  -0.07	-0.0703	
 0.0115	-0.0588	      1	  0.904	  0.675	
  -0.12	  -0.07	  0.904	      1	  0.817	
 -0.248	-0.0703	  0.675	  0.817	      1	

posterior probs

  -	0.53	0.52	0.32	0.15	
0.53	  -	0.46	0.46	0.45	
0.52	0.46	  -	  1	  1	
0.32	0.46	  1	  -	  1	
0.15	0.45	  1	  1	  -	

precisions

   2.07	  -0.51	 -0.284	  0.282	   1.22	
  -0.51	1.84e+03	  0.042	    3.4	   8.27	
 -0.284	  0.042	   1.76	   -1.4	   1.04	
  0.282	    3.4	   -1.4	   4.78	  -5.81	
   1.22	   8.27	   1.04	  -5.81	   53.6	

partial correlation coefficients

     -1	 0.0162	  0.179	-0.0921	 -0.151	
 0.0162	     -1	-0.00352	-0.0404	-0.0389	
  0.179	-0.00352	     -1	  0.612	 -0.142	
-0.0921	-0.0404	  0.612	     -1	  0.452	
 -0.151	-0.0389	 -0.142	  0.452	     -1	

posterior probs

  -	0.51	0.72	0.38	0.3	
0.51	  -	0.5	0.47	0.47	
0.72	0.5	  -	0.95	0.29	
0.38	0.47	0.95	  -	0.92	
0.3	0.47	0.29	0.92	  -	

