entries are in the following order:
dS
omega
body_mass
brain_mass
GI

covariances

      1	-0.0327	   -1.2	  -1.37	 -0.204	
-0.0327	 0.0114	 0.0976	 0.0815	 0.0126	
   -1.2	 0.0976	   8.86	   5.83	  0.752	
  -1.37	 0.0815	   5.83	   4.66	  0.656	
 -0.204	 0.0126	  0.752	  0.656	  0.141	

correlation coefficients

      1	 -0.259	 -0.405	 -0.639	 -0.547	
 -0.259	      1	  0.275	  0.319	  0.288	
 -0.405	  0.275	      1	  0.904	  0.667	
 -0.639	  0.319	  0.904	      1	  0.805	
 -0.547	  0.288	  0.667	  0.805	      1	

posterior probs

  -	0.29	0.033	0.001	0.0039	
0.29	  -	0.68	0.7	0.71	
0.033	0.68	  -	  1	  1	
0.001	0.7	  1	  -	  1	
0.0039	0.71	  1	  1	  -	

precisions

   7.03	   11.3	  -1.64	   3.79	  -1.48	
   11.3	2.52e+03	  -4.06	  -19.1	  -34.8	
  -1.64	  -4.06	    2.3	  -3.07	   1.79	
   3.79	  -19.1	  -3.07	   7.88	     -8	
  -1.48	  -34.8	   1.79	     -8	     47	

partial correlation coefficients

     -1	 -0.081	  0.423	 -0.519	   0.08	
 -0.081	     -1	 0.0388	  0.123	 0.0908	
  0.423	 0.0388	     -1	  0.742	 -0.193	
 -0.519	  0.123	  0.742	     -1	  0.445	
   0.08	 0.0908	 -0.193	  0.445	     -1	

posterior probs

  -	0.44	0.89	0.059	0.6	
0.44	  -	0.53	0.62	0.57	
0.89	0.53	  -	0.98	0.24	
0.059	0.62	0.98	  -	0.94	
0.6	0.57	0.24	0.94	  -	

