entries are in the following order:
dS
omega
body_mass
brain_mass
GI

covariances

   1.54	 -0.249	  -1.39	  -1.55	 -0.246	
 -0.249	  0.981	  0.822	  0.695	 0.0871	
  -1.39	  0.822	    8.1	   5.39	   0.68	
  -1.55	  0.695	   5.39	   4.41	   0.63	
 -0.246	 0.0871	   0.68	   0.63	  0.139	

correlation coefficients

      1	 -0.343	 -0.404	 -0.607	 -0.539	
 -0.343	      1	  0.475	  0.543	  0.412	
 -0.404	  0.475	      1	    0.9	  0.636	
 -0.607	  0.543	    0.9	      1	  0.802	
 -0.539	  0.412	  0.636	  0.802	      1	

posterior probs

  -	0.21	0.041	0.0026	0.0064	
0.21	  -	0.86	0.88	0.84	
0.041	0.86	  -	  1	  1	
0.0026	0.88	  1	  -	  1	
0.0064	0.84	  1	  1	  -	

precisions

   3.75	   4.44	  -0.95	   1.82	 -0.856	
   4.44	    348	  -2.63	  -25.1	  -6.35	
  -0.95	  -2.63	   1.84	  -2.54	    2.3	
   1.82	  -25.1	  -2.54	   9.84	  -8.72	
 -0.856	  -6.35	    2.3	  -8.72	   40.6	

partial correlation coefficients

     -1	-0.0188	  0.385	 -0.401	 0.0615	
-0.0188	     -1	-0.0409	  0.406	-0.0743	
  0.385	-0.0409	     -1	  0.719	 -0.284	
 -0.401	  0.406	  0.719	     -1	  0.512	
 0.0615	-0.0743	 -0.284	  0.512	     -1	

posterior probs

  -	0.51	0.9	0.13	0.58	
0.51	  -	0.44	0.86	0.4	
0.9	0.44	  -	0.96	0.13	
0.13	0.86	0.96	  -	0.94	
0.58	0.4	0.13	0.94	  -	

