entries are in the following order:
dS
omega
body_mass
brain_mass
GI

covariances

  0.611	 -0.162	  -1.38	  -1.29	 -0.176	
 -0.162	   1.98	  -1.42	 -0.427	-0.0563	
  -1.38	  -1.42	   9.87	   6.42	  0.852	
  -1.29	 -0.427	   6.42	   5.18	  0.743	
 -0.176	-0.0563	  0.852	  0.743	  0.159	

correlation coefficients

      1	 -0.129	 -0.583	 -0.748	 -0.586	
 -0.129	      1	 -0.303	 -0.121	-0.0893	
 -0.583	 -0.303	      1	  0.896	  0.673	
 -0.748	 -0.121	  0.896	      1	  0.814	
 -0.586	-0.0893	  0.673	  0.814	      1	

posterior probs

  -	0.34	0.022	0.0024	0.012	
0.34	  -	0.18	0.34	0.38	
0.022	0.18	  -	  1	  1	
0.0024	0.34	  1	  -	  1	
0.012	0.38	  1	  1	  -	

precisions

     50	   3.24	 -0.764	   14.9	  -4.09	
   3.24	    3.7	   1.58	 -0.845	  0.443	
 -0.764	   1.58	   2.42	  -3.26	   2.03	
   14.9	 -0.845	  -3.26	   9.46	  -8.69	
  -4.09	  0.443	   2.03	  -8.69	   35.1	

partial correlation coefficients

     -1	 -0.219	  0.171	 -0.588	   0.15	
 -0.219	     -1	 -0.397	  0.148	-0.0582	
  0.171	 -0.397	     -1	  0.729	 -0.242	
 -0.588	  0.148	  0.729	     -1	  0.542	
   0.15	-0.0582	 -0.242	  0.542	     -1	

posterior probs

  -	0.28	0.68	0.027	0.67	
0.28	  -	0.14	0.66	0.42	
0.68	0.14	  -	0.98	0.18	
0.027	0.66	0.98	  -	0.96	
0.67	0.42	0.18	0.96	  -	

