entries are in the following order:
dS
omega
body_mass
brain_mass
GI

covariances

  0.165	 0.0461	  -1.06	 -0.863	 -0.106	
 0.0461	 0.0574	 -0.402	 -0.339	-0.0449	
  -1.06	 -0.402	   12.9	   8.46	  0.914	
 -0.863	 -0.339	   8.46	   6.74	  0.818	
 -0.106	-0.0449	  0.914	  0.818	  0.167	

correlation coefficients

      1	  0.514	 -0.792	 -0.895	 -0.714	
  0.514	      1	 -0.446	 -0.524	  -0.45	
 -0.792	 -0.446	      1	  0.904	  0.617	
 -0.895	 -0.524	  0.904	      1	  0.767	
 -0.714	  -0.45	  0.617	  0.767	      1	

posterior probs

  -	0.8	0.0087	0.0034	0.0039	
0.8	  -	0.22	0.2	0.19	
0.0087	0.22	  -	  1	  1	
0.0034	0.2	  1	  -	  1	
0.0039	0.19	  1	  1	  -	

precisions

    817	   -189	    3.3	   57.2	   27.1	
   -189	1.89e+03	  0.152	   35.5	   36.2	
    3.3	  0.152	   1.86	  -1.68	   1.01	
   57.2	   35.5	  -1.68	   14.2	  -4.85	
   27.1	   36.2	   1.01	  -4.85	   60.2	

partial correlation coefficients

     -1	  0.184	-0.00581	 -0.533	-0.0536	
  0.184	     -1	  0.035	  -0.22	-0.0882	
-0.00581	  0.035	     -1	  0.411	 -0.154	
 -0.533	  -0.22	  0.411	     -1	  0.238	
-0.0536	-0.0882	 -0.154	  0.238	     -1	

posterior probs

  -	0.66	0.5	0.093	0.46	
0.66	  -	0.53	0.31	0.43	
0.5	0.53	  -	0.83	0.31	
0.093	0.31	0.83	  -	0.72	
0.46	0.43	0.31	0.72	  -	

