entries are in the following order:
dS
omega
body_mass
brain_mass
GI

covariances

  0.611	-0.0594	  -1.67	  -1.32	 -0.151	
-0.0594	  0.156	 0.0588	-0.00574	-0.0261	
  -1.67	 0.0588	   8.85	   6.02	  0.768	
  -1.32	-0.00574	   6.02	   4.91	  0.688	
 -0.151	-0.0261	  0.768	  0.688	   0.14	

correlation coefficients

      1	-0.0842	 -0.737	 -0.793	 -0.545	
-0.0842	      1	0.00346	-0.0397	 -0.163	
 -0.737	0.00346	      1	   0.91	  0.683	
 -0.793	-0.0397	   0.91	      1	  0.824	
 -0.545	 -0.163	  0.683	  0.824	      1	

posterior probs

  -	0.45	0.002	0.00085	0.023	
0.45	  -	0.51	0.48	0.39	
0.002	0.51	  -	  1	  1	
0.00085	0.48	  1	  -	  1	
0.023	0.39	  1	  1	  -	

precisions

   89.4	   20.6	  0.443	   19.5	  -8.38	
   20.6	1.63e+03	  -1.45	    2.6	   72.7	
  0.443	  -1.45	   2.14	  -1.96	  0.914	
   19.5	    2.6	  -1.96	   12.8	  -17.4	
  -8.38	   72.7	  0.914	  -17.4	    126	

partial correlation coefficients

     -1	  -0.15	 0.0394	 -0.488	   0.17	
  -0.15	     -1	 0.0513	-0.0136	 -0.251	
 0.0394	 0.0513	     -1	  0.498	 -0.139	
 -0.488	-0.0136	  0.498	     -1	  0.508	
   0.17	 -0.251	 -0.139	  0.508	     -1	

posterior probs

  -	0.38	0.55	0.089	0.67	
0.38	  -	0.54	0.49	0.31	
0.55	0.54	  -	0.91	0.32	
0.089	0.49	0.91	  -	0.92	
0.67	0.31	0.32	0.92	  -	

