entries are in the following order:
dS
omega
body_mass
brain_mass
GI

covariances

   0.71	-0.0619	  -1.64	   -1.1	   -0.1	
-0.0619	 0.0456	  0.253	  0.226	 0.0406	
  -1.64	  0.253	   9.63	   6.39	  0.796	
   -1.1	  0.226	   6.39	   5.24	  0.716	
   -0.1	 0.0406	  0.796	  0.716	  0.151	

correlation coefficients

      1	   -0.4	 -0.639	 -0.585	 -0.314	
   -0.4	      1	  0.521	  0.606	    0.6	
 -0.639	  0.521	      1	  0.897	  0.654	
 -0.585	  0.606	  0.897	      1	  0.799	
 -0.314	    0.6	  0.654	  0.799	      1	

posterior probs

  -	0.17	0.0034	0.0076	0.087	
0.17	  -	0.85	0.89	0.93	
0.0034	0.85	  -	  1	  1	
0.0076	0.89	  1	  -	  1	
0.087	0.93	  1	  1	  -	

precisions

   10.6	   17.6	  0.836	   1.15	  -6.23	
   17.6	1.41e+03	  -3.67	  -24.8	   -100	
  0.836	  -3.67	   1.28	   -1.1	  0.125	
   1.15	  -24.8	   -1.1	   4.14	  -5.23	
  -6.23	   -100	  0.125	  -5.23	     61	

partial correlation coefficients

     -1	 -0.173	  -0.23	 -0.149	  0.274	
 -0.173	     -1	-0.0136	  0.258	  0.356	
  -0.23	-0.0136	     -1	  0.554	-0.0572	
 -0.149	  0.258	  0.554	     -1	   0.42	
  0.274	  0.356	-0.0572	   0.42	     -1	

posterior probs

  -	0.36	0.23	0.33	0.81	
0.36	  -	0.48	0.72	0.79	
0.23	0.48	  -	0.95	0.4	
0.33	0.72	0.95	  -	0.89	
0.81	0.79	0.4	0.89	  -	

