entries are in the following order:
dS
omega
body_mass
brain_mass
GI

covariances

  0.763	  0.112	  -1.02	  -1.05	 -0.127	
  0.112	 0.0951	 -0.665	 -0.513	-0.0728	
  -1.02	 -0.665	   10.4	   6.96	   0.93	
  -1.05	 -0.513	   6.96	   5.74	  0.818	
 -0.127	-0.0728	   0.93	  0.818	   0.17	

correlation coefficients

      1	  0.483	 -0.372	 -0.512	  -0.36	
  0.483	      1	 -0.745	 -0.779	 -0.647	
 -0.372	 -0.745	      1	  0.898	  0.692	
 -0.512	 -0.779	  0.898	      1	  0.822	
  -0.36	 -0.647	  0.692	  0.822	      1	

posterior probs

  -	0.93	0.07	0.016	0.062	
0.93	  -	0.022	0.019	0.026	
0.07	0.022	  -	  1	  1	
0.016	0.019	  1	  -	  1	
0.062	0.026	  1	  1	  -	

precisions

   8.63	  -20.1	 -0.951	    1.3	  -3.61	
  -20.1	    710	   13.6	   24.2	   35.1	
 -0.951	   13.6	    1.7	  -1.17	   1.51	
    1.3	   24.2	  -1.17	   4.97	  -5.63	
  -3.61	   35.1	   1.51	  -5.63	     41	

partial correlation coefficients

     -1	  0.281	  0.283	 -0.294	  0.198	
  0.281	     -1	 -0.329	 -0.265	 -0.136	
  0.283	 -0.329	     -1	  0.542	 -0.205	
 -0.294	 -0.265	  0.542	     -1	  0.483	
  0.198	 -0.136	 -0.205	  0.483	     -1	

posterior probs

  -	0.73	0.8	0.2	0.74	
0.73	  -	0.23	0.27	0.39	
0.8	0.23	  -	0.92	0.23	
0.2	0.27	0.92	  -	0.92	
0.74	0.39	0.23	0.92	  -	

