entries are in the following order:
dS
omega
body_mass
brain_mass
GI

covariances

  0.678	  0.255	  -2.14	  -1.76	 -0.262	
  0.255	  0.465	     -1	 -0.803	 -0.118	
  -2.14	     -1	   9.99	   6.91	  0.944	
  -1.76	 -0.803	   6.91	   5.71	  0.825	
 -0.262	 -0.118	  0.944	  0.825	  0.166	

correlation coefficients

      1	  0.435	 -0.846	 -0.923	 -0.805	
  0.435	      1	 -0.427	 -0.449	 -0.384	
 -0.846	 -0.427	      1	  0.914	  0.727	
 -0.923	 -0.449	  0.914	      1	  0.844	
 -0.805	 -0.384	  0.727	  0.844	      1	

posterior probs

  -	0.74	0.0014	0.00042	0.0012	
0.74	  -	0.26	0.26	0.26	
0.0014	0.26	  -	  1	  1	
0.00042	0.26	  1	  -	  1	
0.0012	0.26	  1	  1	  -	

precisions

    371	  -98.3	   5.44	   62.9	   30.6	
  -98.3	1.71e+03	   8.18	   38.5	   17.7	
   5.44	   8.18	   4.16	  -1.28	   1.83	
   62.9	   38.5	  -1.28	   36.6	   -1.9	
   30.6	   17.7	   1.83	   -1.9	    105	

partial correlation coefficients

     -1	  0.145	-0.0636	 -0.498	 -0.136	
  0.145	     -1	 -0.101	 -0.165	-0.0426	
-0.0636	 -0.101	     -1	   0.28	 -0.132	
 -0.498	 -0.165	   0.28	     -1	  0.163	
 -0.136	-0.0426	 -0.132	  0.163	     -1	

posterior probs

  -	0.62	0.45	0.12	0.38	
0.62	  -	0.42	0.36	0.47	
0.45	0.42	  -	0.74	0.34	
0.12	0.36	0.74	  -	0.66	
0.38	0.47	0.34	0.66	  -	

