entries are in the following order:
dS
omega
body_mass
brain_mass
GI

covariances

  0.614	-0.00398	   -1.3	  -1.15	 -0.122	
-0.00398	 0.0727	-0.000386	 0.0349	 0.0095	
   -1.3	-0.000386	      9	   5.99	  0.747	
  -1.15	 0.0349	   5.99	   5.01	  0.694	
 -0.122	 0.0095	  0.747	  0.694	  0.147	

correlation coefficients

      1	-0.0519	 -0.592	 -0.694	  -0.44	
-0.0519	      1	 0.0653	   0.12	  0.136	
 -0.592	 0.0653	      1	  0.888	  0.641	
 -0.694	   0.12	  0.888	      1	  0.803	
  -0.44	  0.136	  0.641	  0.803	      1	

posterior probs

  -	0.46	0.02	0.004	0.053	
0.46	  -	0.54	0.57	0.6	
0.02	0.54	  -	  1	  1	
0.004	0.57	  1	  -	  1	
0.053	0.6	  1	  1	  -	

precisions

   56.1	  -6.21	 0.0071	   11.2	  -7.88	
  -6.21	1.82e+03	   2.86	  -13.5	  -15.9	
 0.0071	   2.86	   1.62	  -1.82	   1.59	
   11.2	  -13.5	  -1.82	   7.84	  -10.1	
  -7.88	  -15.9	   1.59	  -10.1	   55.9	

partial correlation coefficients

     -1	 0.0702	  0.125	 -0.501	  0.259	
 0.0702	     -1	   -0.1	  0.159	  0.049	
  0.125	   -0.1	     -1	  0.586	 -0.204	
 -0.501	  0.159	  0.586	     -1	   0.55	
  0.259	  0.049	 -0.204	   0.55	     -1	

posterior probs

  -	0.56	0.64	0.075	0.78	
0.56	  -	0.41	0.65	0.54	
0.64	0.41	  -	0.94	0.24	
0.075	0.65	0.94	  -	0.94	
0.78	0.54	0.24	0.94	  -	

