entries are in the following order:
dS
omega
body_mass
brain_mass
GI

covariances

   3.65	-0.0266	  -1.81	  -1.95	 -0.208	
-0.0266	 0.0487	  0.186	 0.0799	0.00129	
  -1.81	  0.186	   8.24	   5.46	  0.707	
  -1.95	 0.0799	   5.46	   4.94	  0.783	
 -0.208	0.00129	  0.707	  0.783	  0.188	

correlation coefficients

      1	-0.0672	 -0.334	 -0.461	 -0.251	
-0.0672	      1	  0.322	  0.223	 0.0927	
 -0.334	  0.322	      1	  0.853	  0.562	
 -0.461	  0.223	  0.853	      1	  0.807	
 -0.251	 0.0927	  0.562	  0.807	      1	

posterior probs

  -	0.42	0.077	0.016	0.14	
0.42	  -	0.73	0.65	0.56	
0.077	0.73	  -	  1	  1	
0.016	0.65	  1	  -	  1	
0.14	0.56	  1	  1	  -	

precisions

   1.04	  -2.37	 -0.192	  0.732	  -1.69	
  -2.37	1.77e+03	  -13.9	  -5.05	   8.92	
 -0.192	  -13.9	   1.72	  -1.68	   1.45	
  0.732	  -5.05	  -1.68	   4.59	  -8.34	
  -1.69	   8.92	   1.45	  -8.34	   43.5	

partial correlation coefficients

     -1	 0.0537	  0.181	  -0.37	  0.271	
 0.0537	     -1	  0.323	0.00572	-0.0916	
  0.181	  0.323	     -1	  0.655	  -0.27	
  -0.37	0.00572	  0.655	     -1	  0.638	
  0.271	-0.0916	  -0.27	  0.638	     -1	

posterior probs

  -	0.55	0.71	0.11	0.82	
0.55	  -	0.75	0.5	0.42	
0.71	0.75	  -	0.97	0.2	
0.11	0.5	0.97	  -	0.97	
0.82	0.42	0.2	0.97	  -	

