entries are in the following order:
dS
omega
body_mass
brain_mass
GI

covariances

  0.513	0.00841	 -0.787	 -0.927	 -0.141	
0.00841	 0.0411	 -0.069	-0.0623	-0.00948	
 -0.787	 -0.069	   9.11	   6.29	  0.873	
 -0.927	-0.0623	   6.29	   5.36	  0.785	
 -0.141	-0.00948	  0.873	  0.785	  0.161	

correlation coefficients

      1	   0.07	 -0.447	 -0.643	 -0.563	
   0.07	      1	-0.0897	 -0.102	-0.0892	
 -0.447	-0.0897	      1	  0.898	  0.714	
 -0.643	 -0.102	  0.898	      1	   0.84	
 -0.563	-0.0892	  0.714	   0.84	      1	

posterior probs

  -	0.54	0.12	0.032	0.041	
0.54	  -	0.44	0.44	0.44	
0.12	0.44	  -	  1	  1	
0.032	0.44	  1	  -	  1	
0.041	0.44	  1	  1	  -	

precisions

    168	  -24.5	  -2.09	   18.6	   9.92	
  -24.5	2.07e+03	   1.39	   5.65	   5.19	
  -2.09	   1.39	   2.75	  -3.05	    1.3	
   18.6	   5.65	  -3.05	     11	  -6.91	
   9.92	   5.19	    1.3	  -6.91	   63.3	

partial correlation coefficients

     -1	 0.0409	    0.3	 -0.493	 0.0128	
 0.0409	     -1	-0.0107	-0.0398	-0.0139	
    0.3	-0.0107	     -1	  0.598	  -0.12	
 -0.493	-0.0398	  0.598	     -1	  0.361	
 0.0128	-0.0139	  -0.12	  0.361	     -1	

posterior probs

  -	0.53	0.77	0.097	0.52	
0.53	  -	0.49	0.47	0.49	
0.77	0.49	  -	0.93	0.34	
0.097	0.47	0.93	  -	0.84	
0.52	0.49	0.34	0.84	  -	

