entries are in the following order:
dS
omega
body_mass
brain_mass
GI

covariances

  0.427	 0.0483	  -1.07	  -1.05	 -0.143	
 0.0483	 0.0602	 -0.493	 -0.356	-0.0466	
  -1.07	 -0.493	   10.4	   6.97	  0.875	
  -1.05	 -0.356	   6.97	   5.52	  0.765	
 -0.143	-0.0466	  0.875	  0.765	  0.159	

correlation coefficients

      1	  0.389	 -0.533	 -0.716	 -0.578	
  0.389	      1	  -0.63	 -0.631	 -0.494	
 -0.533	  -0.63	      1	  0.919	  0.674	
 -0.716	 -0.631	  0.919	      1	  0.812	
 -0.578	 -0.494	  0.674	  0.812	      1	

posterior probs

  -	0.79	0.045	0.0053	0.014	
0.79	  -	0.13	0.13	0.15	
0.045	0.13	  -	  1	  1	
0.0053	0.13	  1	  -	  1	
0.014	0.15	  1	  1	  -	

precisions

    121	  -32.3	  -4.27	   22.2	  -6.49	
  -32.3	1.87e+03	   23.9	   42.2	   19.1	
  -4.27	   23.9	   4.21	  -4.16	   3.01	
   22.2	   42.2	  -4.16	   15.9	  -11.8	
  -6.49	   19.1	   3.01	  -11.8	     58	

partial correlation coefficients

     -1	 0.0234	  0.369	 -0.579	  0.174	
 0.0234	     -1	  -0.26	 -0.228	-0.0253	
  0.369	  -0.26	     -1	  0.595	  -0.25	
 -0.579	 -0.228	  0.595	     -1	  0.448	
  0.174	-0.0253	  -0.25	  0.448	     -1	

posterior probs

  -	0.52	0.83	0.057	0.68	
0.52	  -	0.29	0.3	0.48	
0.83	0.29	  -	0.93	0.22	
0.057	0.3	0.93	  -	0.89	
0.68	0.48	0.22	0.89	  -	

