entries are in the following order:
dS
omega
body_mass
brain_mass
GI

covariances

  0.608	-0.0112	  -1.33	  -1.16	 -0.126	
-0.0112	 0.0724	 0.0185	  0.053	 0.0119	
  -1.33	 0.0185	   9.03	   6.01	  0.751	
  -1.16	  0.053	   6.01	   5.02	  0.695	
 -0.126	 0.0119	  0.751	  0.695	  0.147	

correlation coefficients

      1	-0.0947	 -0.604	 -0.707	 -0.454	
-0.0947	      1	 0.0902	  0.153	  0.162	
 -0.604	 0.0902	      1	  0.889	  0.644	
 -0.707	  0.153	  0.889	      1	  0.803	
 -0.454	  0.162	  0.644	  0.803	      1	

posterior probs

  -	0.43	0.017	0.0031	0.051	
0.43	  -	0.56	0.6	0.62	
0.017	0.56	  -	  1	  1	
0.0031	0.6	  1	  -	  1	
0.051	0.62	  1	  1	  -	

precisions

   58.4	-0.0384	 0.0788	   12.4	  -8.46	
-0.0384	1.77e+03	   3.63	  -15.8	    -18	
 0.0788	   3.63	   1.71	  -1.92	   1.51	
   12.4	  -15.8	  -1.92	    8.5	  -10.4	
  -8.46	    -18	   1.51	  -10.4	   57.8	

partial correlation coefficients

     -1	 0.0453	  0.119	 -0.509	   0.26	
 0.0453	     -1	 -0.111	   0.17	 0.0564	
  0.119	 -0.111	     -1	  0.584	 -0.197	
 -0.509	   0.17	  0.584	     -1	  0.542	
   0.26	 0.0564	 -0.197	  0.542	     -1	

posterior probs

  -	0.54	0.63	0.073	0.77	
0.54	  -	0.41	0.66	0.55	
0.63	0.41	  -	0.94	0.25	
0.073	0.66	0.94	  -	0.94	
0.77	0.55	0.25	0.94	  -	

