entries are in the following order:
dS
omega
body_mass
brain_mass
GI

covariances

  0.625	-0.0688	  -2.01	  -1.67	 -0.234	
-0.0688	 0.0233	  0.226	  0.191	  0.028	
  -2.01	  0.226	   9.93	    6.6	  0.901	
  -1.67	  0.191	    6.6	   5.42	  0.778	
 -0.234	  0.028	  0.901	  0.778	  0.161	

correlation coefficients

      1	 -0.515	 -0.811	 -0.915	 -0.741	
 -0.515	      1	  0.439	  0.506	  0.435	
 -0.811	  0.439	      1	  0.897	  0.707	
 -0.915	  0.506	  0.897	      1	   0.83	
 -0.741	  0.435	  0.707	   0.83	      1	

posterior probs

  -	0.2	0.00035	  0	0.00045	
0.2	  -	0.78	0.8	0.8	
0.00035	0.78	  -	  1	  1	
  0	0.8	  1	  -	  1	
0.00045	0.8	  1	  1	  -	

precisions

    140	   89.3	    1.1	   38.4	  -3.76	
   89.3	2.3e+03	-0.0714	  -33.6	  -24.2	
    1.1	-0.0714	   1.62	  -1.49	  0.863	
   38.4	  -33.6	  -1.49	   18.9	  -8.69	
  -3.76	  -24.2	  0.863	  -8.69	   54.2	

partial correlation coefficients

     -1	 -0.192	0.00613	 -0.596	 0.0745	
 -0.192	     -1	 -0.022	  0.162	 0.0556	
0.00613	 -0.022	     -1	  0.399	 -0.111	
 -0.596	  0.162	  0.399	     -1	   0.36	
 0.0745	 0.0556	 -0.111	   0.36	     -1	

posterior probs

  -	0.33	0.52	0.054	0.58	
0.33	  -	0.48	0.65	0.54	
0.52	0.48	  -	0.84	0.35	
0.054	0.65	0.84	  -	0.84	
0.58	0.54	0.35	0.84	  -	

