entries are in the following order:
dS
omega
body_mass
brain_mass
GI

covariances

   14.4	  -1.68	   -2.3	  -3.26	  -0.66	
  -1.68	  0.489	  0.185	  0.323	 0.0712	
   -2.3	  0.185	   11.3	   7.71	   1.05	
  -3.26	  0.323	   7.71	    6.4	  0.928	
  -0.66	 0.0712	   1.05	  0.928	  0.188	

correlation coefficients

      1	 -0.563	 -0.183	 -0.338	   -0.4	
 -0.563	      1	  0.112	  0.206	  0.253	
 -0.183	  0.112	      1	  0.906	  0.716	
 -0.338	  0.206	  0.906	      1	   0.84	
   -0.4	  0.253	  0.716	   0.84	      1	

posterior probs

  -	0.15	0.25	0.1	0.067	
0.15	  -	0.6	0.69	0.74	
0.25	0.6	  -	  1	  1	
0.1	0.69	  1	  -	  1	
0.067	0.74	  1	  1	  -	

precisions

   2.79	   15.1	 -0.123	  0.236	  0.414	
   15.1	1.08e+03	 -0.274	  -2.38	  -10.6	
 -0.123	 -0.274	   1.15	  -1.31	  0.496	
  0.236	  -2.38	  -1.31	   3.14	  -5.09	
  0.414	  -10.6	  0.496	  -5.09	     37	

partial correlation coefficients

     -1	 -0.571	  0.154	 -0.147	 -0.074	
 -0.571	     -1	0.00747	-0.00514	 0.0432	
  0.154	0.00747	     -1	  0.721	-0.0941	
 -0.147	-0.00514	  0.721	     -1	  0.501	
 -0.074	 0.0432	-0.0941	  0.501	     -1	

posterior probs

  -	0.15	0.67	0.33	0.41	
0.15	  -	0.51	0.48	0.54	
0.67	0.51	  -	0.99	0.34	
0.33	0.48	0.99	  -	0.97	
0.41	0.54	0.34	0.97	  -	

