entries are in the following order:
dS
omega
body_mass
brain_mass
GI

covariances

  0.727	 -0.268	  -1.82	  -1.53	 -0.193	
 -0.268	  0.202	   1.19	  0.852	  0.107	
  -1.82	   1.19	   10.2	   6.83	  0.881	
  -1.53	  0.852	   6.83	   5.64	  0.783	
 -0.193	  0.107	  0.881	  0.783	  0.161	

correlation coefficients

      1	 -0.742	 -0.686	 -0.771	 -0.576	
 -0.742	      1	  0.881	  0.862	  0.655	
 -0.686	  0.881	      1	  0.898	  0.681	
 -0.771	  0.862	  0.898	      1	  0.817	
 -0.576	  0.655	  0.681	  0.817	      1	

posterior probs

  -	0.011	0.0042	0.00066	0.0063	
0.011	  -	  1	  1	0.99	
0.0042	  1	  -	  1	  1	
0.00066	  1	  1	  -	  1	
0.0063	0.99	  1	  1	  -	

precisions

   65.9	   50.5	   2.24	   6.67	  -5.19	
   50.5	    593	  -26.2	  -28.4	  -5.32	
   2.24	  -26.2	   4.51	 -0.808	  0.171	
   6.67	  -28.4	 -0.808	   8.18	  -7.91	
  -5.19	  -5.32	  0.171	  -7.91	   43.2	

partial correlation coefficients

     -1	 -0.263	  0.158	 -0.332	  0.144	
 -0.263	     -1	  0.531	  0.276	-0.0447	
  0.158	  0.531	     -1	    0.3	-0.0892	
 -0.332	  0.276	    0.3	     -1	  0.495	
  0.144	-0.0447	-0.0892	  0.495	     -1	

posterior probs

  -	0.29	0.66	0.19	0.66	
0.29	  -	0.89	0.73	0.45	
0.66	0.89	  -	0.78	0.38	
0.19	0.73	0.78	  -	0.92	
0.66	0.45	0.38	0.92	  -	

