entries are in the following order:
dS
omega
body_mass
brain_mass
GI

covariances

  0.503	0.00774	  -1.85	  -1.57	 -0.215	
0.00774	 0.0294	-0.0762	-0.0577	-0.00496	
  -1.85	-0.0762	   11.3	   7.72	      1	
  -1.57	-0.0577	   7.72	   6.48	  0.894	
 -0.215	-0.00496	      1	  0.894	  0.175	

correlation coefficients

      1	 0.0878	   -0.8	 -0.901	 -0.751	
 0.0878	      1	-0.0942	-0.0927	-0.0414	
   -0.8	-0.0942	      1	  0.899	  0.707	
 -0.901	-0.0927	  0.899	      1	  0.835	
 -0.751	-0.0414	  0.707	  0.835	      1	

posterior probs

  -	0.55	0.0042	0.00089	0.003	
0.55	  -	0.44	0.45	0.47	
0.0042	0.44	  -	  1	  1	
0.00089	0.45	  1	  -	  1	
0.003	0.47	  1	  1	  -	

precisions

    244	  -35.6	   1.79	     45	   10.6	
  -35.6	2.35e+03	    1.9	   7.71	  -29.2	
   1.79	    1.9	   1.83	   -1.5	  0.885	
     45	   7.71	   -1.5	   16.7	  -7.08	
   10.6	  -29.2	  0.885	  -7.08	   68.4	

partial correlation coefficients

     -1	 0.0433	0.00966	   -0.6	-0.0113	
 0.0433	     -1	-0.0277	-0.0531	 0.0855	
0.00966	-0.0277	     -1	  0.382	 -0.114	
   -0.6	-0.0531	  0.382	     -1	  0.308	
-0.0113	 0.0855	 -0.114	  0.308	     -1	

posterior probs

  -	0.54	0.51	0.06	0.5	
0.54	  -	0.48	0.45	0.57	
0.51	0.48	  -	0.82	0.35	
0.06	0.45	0.82	  -	0.78	
0.5	0.57	0.35	0.78	  -	

