entries are in the following order:
dS
omega
body_mass
brain_mass
GI

covariances

  0.391	-0.0805	  -1.26	  -1.05	 -0.149	
-0.0805	 0.0718	  0.399	  0.314	 0.0453	
  -1.26	  0.399	   9.28	   6.19	   0.84	
  -1.05	  0.314	   6.19	   4.95	   0.71	
 -0.149	 0.0453	   0.84	   0.71	  0.148	

correlation coefficients

      1	  -0.44	  -0.69	 -0.788	 -0.648	
  -0.44	      1	  0.445	  0.481	  0.402	
  -0.69	  0.445	      1	   0.91	  0.709	
 -0.788	  0.481	   0.91	      1	  0.823	
 -0.648	  0.402	  0.709	  0.823	      1	

posterior probs

  -	0.22	0.011	0.0029	0.0095	
0.22	  -	0.77	0.77	0.77	
0.011	0.77	  -	  1	  1	
0.0029	0.77	  1	  -	  1	
0.0095	0.77	  1	  1	  -	

precisions

    192	   82.8	  0.652	   29.9	   4.87	
   82.8	1.85e+03	  -6.37	  -33.5	  -22.9	
  0.652	  -6.37	   2.05	  -1.59	   1.04	
   29.9	  -33.5	  -1.59	   15.2	  -6.35	
   4.87	  -22.9	   1.04	  -6.35	   61.7	

partial correlation coefficients

     -1	 -0.172	 0.0735	 -0.414	 0.0135	
 -0.172	     -1	 0.0891	  0.199	 0.0461	
 0.0735	 0.0891	     -1	  0.465	 -0.119	
 -0.414	  0.199	  0.465	     -1	  0.335	
 0.0135	 0.0461	 -0.119	  0.335	     -1	

posterior probs

  -	0.36	0.58	0.14	0.52	
0.36	  -	0.57	0.67	0.54	
0.58	0.57	  -	0.87	0.33	
0.14	0.67	0.87	  -	0.82	
0.52	0.54	0.33	0.82	  -	

