entries are in the following order:
dS
omega
body_mass
brain_mass
GI

covariances

  0.595	-0.0808	 -0.821	 -0.798	-0.0911	
-0.0808	 0.0646	  0.506	  0.399	 0.0576	
 -0.821	  0.506	   8.49	   5.58	  0.714	
 -0.798	  0.399	   5.58	   4.59	  0.642	
-0.0911	 0.0576	  0.714	  0.642	  0.136	

correlation coefficients

      1	 -0.423	 -0.374	 -0.492	 -0.327	
 -0.423	      1	   0.74	  0.796	  0.673	
 -0.374	   0.74	      1	  0.892	  0.658	
 -0.492	  0.796	  0.892	      1	  0.807	
 -0.327	  0.673	  0.658	  0.807	      1	

posterior probs

  -	0.11	0.078	0.027	0.093	
0.11	  -	0.96	0.96	0.96	
0.078	0.96	  -	  1	  1	
0.027	0.96	  1	  -	  1	
0.093	0.96	  1	  1	  -	

precisions

   8.17	   10.8	 -0.672	   1.84	   -3.5	
   10.8	1.25e+03	  -13.8	  -43.7	    -60	
 -0.672	  -13.8	   1.78	   -1.3	   1.95	
   1.84	  -43.7	   -1.3	   7.59	  -6.24	
   -3.5	    -60	   1.95	  -6.24	   54.5	

partial correlation coefficients

     -1	 -0.099	  0.192	 -0.274	  0.178	
 -0.099	     -1	  0.239	  0.413	  0.182	
  0.192	  0.239	     -1	  0.494	 -0.228	
 -0.274	  0.413	  0.494	     -1	  0.417	
  0.178	  0.182	 -0.228	  0.417	     -1	

posterior probs

  -	0.42	0.72	0.22	0.72	
0.42	  -	0.69	0.83	0.65	
0.72	0.69	  -	0.89	0.2	
0.22	0.83	0.89	  -	0.87	
0.72	0.65	0.2	0.87	  -	

