entries are in the following order:
dS
omega
body_mass
brain_mass
GI

covariances

  0.365	-0.0556	  -1.56	  -1.16	 -0.141	
-0.0556	   1.05	 -0.369	 -0.379	-0.0542	
  -1.56	 -0.369	   11.4	   7.47	  0.901	
  -1.16	 -0.379	   7.47	   6.02	  0.792	
 -0.141	-0.0542	  0.901	  0.792	  0.165	

correlation coefficients

      1	-0.0671	 -0.798	 -0.828	 -0.625	
-0.0671	      1	 -0.097	 -0.143	  -0.13	
 -0.798	 -0.097	      1	  0.897	  0.649	
 -0.828	 -0.143	  0.897	      1	   0.79	
 -0.625	  -0.13	  0.649	   0.79	      1	

posterior probs

  -	0.45	0.0023	0.0015	0.013	
0.45	  -	0.37	0.3	0.31	
0.0023	0.37	  -	  1	  1	
0.0015	0.3	  1	  -	  1	
0.013	0.31	  1	  1	  -	

precisions

    158	   5.91	   4.89	   22.1	    6.4	
   5.91	   3.47	  0.129	  0.984	  0.125	
   4.89	  0.129	   1.23	 -0.732	  0.996	
   22.1	  0.984	 -0.732	   6.16	   -4.6	
    6.4	  0.125	  0.996	   -4.6	   31.4	

partial correlation coefficients

     -1	 -0.324	 -0.256	  -0.53	 0.0161	
 -0.324	     -1	  -0.03	 -0.228	0.00953	
 -0.256	  -0.03	     -1	  0.452	 -0.179	
  -0.53	 -0.228	  0.452	     -1	  0.455	
 0.0161	0.00953	 -0.179	  0.455	     -1	

posterior probs

  -	0.23	0.28	0.072	0.53	
0.23	  -	0.47	0.25	0.51	
0.28	0.47	  -	0.88	0.23	
0.072	0.25	0.88	  -	0.91	
0.53	0.51	0.23	0.91	  -	

