entries are in the following order:
dS
omega
body_mass
brain_mass
GI

covariances

  0.866	  0.608	  -2.07	  -1.67	 -0.177	
  0.608	    1.7	   -2.9	  -1.88	 -0.131	
  -2.07	   -2.9	   12.2	   8.13	  0.964	
  -1.67	  -1.88	   8.13	   6.53	   0.84	
 -0.177	 -0.131	  0.964	   0.84	  0.168	

correlation coefficients

      1	  0.532	 -0.649	 -0.718	 -0.476	
  0.532	      1	 -0.667	 -0.594	 -0.261	
 -0.649	 -0.667	      1	  0.909	  0.665	
 -0.718	 -0.594	  0.909	      1	  0.794	
 -0.476	 -0.261	  0.665	  0.794	      1	

posterior probs

  -	0.97	0.0051	0.0024	0.034	
0.97	  -	0.0057	0.013	0.17	
0.0051	0.0057	  -	  1	  1	
0.0024	0.013	  1	  -	  1	
0.034	0.17	  1	  1	  -	

precisions

     14	  -0.77	 -0.427	   4.61	  -4.38	
  -0.77	   5.63	  0.889	  0.869	  -6.28	
 -0.427	  0.889	   1.13	  -1.32	  0.276	
   4.61	  0.869	  -1.32	   4.48	  -8.57	
  -4.38	  -6.28	  0.276	  -8.57	   40.9	

partial correlation coefficients

     -1	  0.117	  0.134	 -0.484	  0.207	
  0.117	     -1	  -0.33	 -0.146	   0.39	
  0.134	  -0.33	     -1	  0.616	-0.0619	
 -0.484	 -0.146	  0.616	     -1	  0.627	
  0.207	   0.39	-0.0619	  0.627	     -1	

posterior probs

  -	0.62	0.65	0.069	0.74	
0.62	  -	0.18	0.35	0.88	
0.65	0.18	  -	0.98	0.4	
0.069	0.35	0.98	  -	0.99	
0.74	0.88	0.4	0.99	  -	

