entries are in the following order:
dS
omega
body_mass
brain_mass
GI

covariances

   1.15	-0.0446	 -0.338	 -0.579	-0.0783	
-0.0446	 0.0267	 0.0588	 0.0557	0.00728	
 -0.338	 0.0588	   9.69	   6.41	   0.82	
 -0.579	 0.0557	   6.41	   5.49	   0.78	
-0.0783	0.00728	   0.82	   0.78	  0.168	

correlation coefficients

      1	 -0.193	 -0.113	 -0.247	  -0.19	
 -0.193	      1	  0.122	  0.146	   0.11	
 -0.113	  0.122	      1	  0.877	  0.637	
 -0.247	  0.146	  0.877	      1	  0.809	
  -0.19	   0.11	  0.637	  0.809	      1	

posterior probs

  -	0.33	0.33	0.17	0.22	
0.33	  -	0.59	0.6	0.59	
0.33	0.59	  -	  1	  1	
0.17	0.6	  1	  -	  1	
0.22	0.59	  1	  1	  -	

precisions

   5.01	   16.6	 -0.385	  0.765	 -0.842	
   16.6	2.11e+03	  -1.94	  -6.04	  -2.35	
 -0.385	  -1.94	   1.14	  -1.21	   1.15	
  0.765	  -6.04	  -1.21	   3.42	  -5.78	
 -0.842	  -2.35	   1.15	  -5.78	   37.9	

partial correlation coefficients

     -1	  -0.19	  0.192	  -0.22	 0.0728	
  -0.19	     -1	 0.0374	 0.0589	0.000765	
  0.192	 0.0374	     -1	  0.666	 -0.204	
  -0.22	 0.0589	  0.666	     -1	  0.551	
 0.0728	0.000765	 -0.204	  0.551	     -1	

posterior probs

  -	0.36	0.72	0.25	0.59	
0.36	  -	0.53	0.55	0.5	
0.72	0.53	  -	0.97	0.22	
0.25	0.55	0.97	  -	0.96	
0.59	0.5	0.22	0.96	  -	

