entries are in the following order:
dS
omega
body_mass
brain_mass
GI

covariances

  0.769	-0.0844	 -0.706	  -0.86	-0.0611	
-0.0844	 0.0389	  0.183	   0.19	 0.0218	
 -0.706	  0.183	   8.96	   5.82	  0.743	
  -0.86	   0.19	   5.82	   4.98	  0.686	
-0.0611	 0.0218	  0.743	  0.686	  0.146	

correlation coefficients

      1	 -0.446	 -0.271	 -0.444	 -0.185	
 -0.446	      1	  0.318	  0.434	  0.302	
 -0.271	  0.318	      1	  0.869	  0.645	
 -0.444	  0.434	  0.869	      1	  0.801	
 -0.185	  0.302	  0.645	  0.801	      1	

posterior probs

  -	0.16	0.15	0.033	0.22	
0.16	  -	0.75	0.8	0.75	
0.15	0.75	  -	  1	  1	
0.033	0.8	  1	  -	  1	
0.22	0.75	  1	  1	  -	

precisions

   13.5	     46	 -0.921	      2	  -7.25	
     46	1.67e+03	   1.24	  -24.5	  -8.77	
 -0.921	   1.24	    1.4	  -1.97	   2.25	
      2	  -24.5	  -1.97	   6.11	  -10.7	
  -7.25	  -8.77	   2.25	  -10.7	   53.8	

partial correlation coefficients

     -1	  -0.34	   0.24	 -0.318	  0.312	
  -0.34	     -1	-0.0555	  0.262	0.00978	
   0.24	-0.0555	     -1	  0.672	 -0.244	
 -0.318	  0.262	  0.672	     -1	  0.599	
  0.312	0.00978	 -0.244	  0.599	     -1	

posterior probs

  -	0.24	0.74	0.2	0.82	
0.24	  -	0.45	0.74	0.5	
0.74	0.45	  -	0.97	0.2	
0.2	0.74	0.97	  -	0.97	
0.82	0.5	0.2	0.97	  -	

