entries are in the following order:
dS
omega
body_mass
brain_mass
GI

covariances

  0.334	 0.0503	  -1.56	  -1.23	 -0.169	
 0.0503	 0.0592	 -0.296	 -0.228	  -0.03	
  -1.56	 -0.296	   10.4	   7.16	  0.943	
  -1.23	 -0.228	   7.16	    5.9	  0.834	
 -0.169	  -0.03	  0.943	  0.834	  0.169	

correlation coefficients

      1	  0.323	 -0.879	 -0.922	 -0.753	
  0.323	      1	 -0.318	 -0.325	 -0.252	
 -0.879	 -0.318	      1	  0.914	  0.708	
 -0.922	 -0.325	  0.914	      1	  0.832	
 -0.753	 -0.252	  0.708	  0.832	      1	

posterior probs

  -	0.68	0.00067	0.00035	0.001	
0.68	  -	0.32	0.32	0.33	
0.00067	0.32	  -	  1	  1	
0.00035	0.32	  1	  -	  1	
0.001	0.33	  1	  1	  -	

precisions

    486	  -94.3	   13.4	     55	   14.5	
  -94.3	2.12e+03	   7.44	   22.1	  -4.53	
   13.4	   7.44	   3.79	 -0.731	   1.05	
     55	   22.1	 -0.731	   17.7	  -7.32	
   14.5	  -4.53	   1.05	  -7.32	   70.5	

partial correlation coefficients

     -1	  0.108	 -0.215	 -0.513	-0.0133	
  0.108	     -1	-0.0756	 -0.109	 0.0267	
 -0.215	-0.0756	     -1	  0.237	 -0.123	
 -0.513	 -0.109	  0.237	     -1	  0.312	
-0.0133	 0.0267	 -0.123	  0.312	     -1	

posterior probs

  -	0.59	0.33	0.11	0.49	
0.59	  -	0.44	0.4	0.52	
0.33	0.44	  -	0.71	0.34	
0.11	0.4	0.71	  -	0.78	
0.49	0.52	0.34	0.78	  -	

