entries are in the following order:
dS
omega
body_mass
brain_mass
GI

covariances

   1.19	-0.0548	 -0.834	  -1.09	 -0.221	
-0.0548	 0.0274	  0.218	  0.186	 0.0295	
 -0.834	  0.218	   10.1	   6.79	  0.821	
  -1.09	  0.186	   6.79	   5.51	  0.736	
 -0.221	 0.0295	  0.821	  0.736	  0.152	

correlation coefficients

      1	 -0.282	  -0.24	 -0.427	 -0.526	
 -0.282	      1	  0.377	   0.44	  0.427	
  -0.24	  0.377	      1	  0.907	  0.655	
 -0.427	   0.44	  0.907	      1	    0.8	
 -0.526	  0.427	  0.655	    0.8	      1	

posterior probs

  -	0.24	0.17	0.039	0.012	
0.24	  -	0.75	0.77	0.79	
0.17	0.75	  -	  1	  1	
0.039	0.77	  1	  -	  1	
0.012	0.79	  1	  1	  -	

precisions

   4.06	   9.72	 -0.622	  0.833	   2.08	
   9.72	1.95e+03	  -3.98	    -23	    -67	
 -0.622	  -3.98	   1.56	  -1.57	  0.678	
  0.833	    -23	  -1.57	   4.92	  -4.09	
   2.08	    -67	  0.678	  -4.09	   53.9	

partial correlation coefficients

     -1	   -0.1	  0.266	 -0.217	 -0.176	
   -0.1	     -1	 0.0444	  0.218	  0.193	
  0.266	 0.0444	     -1	  0.661	 -0.109	
 -0.217	  0.218	  0.661	     -1	   0.34	
 -0.176	  0.193	 -0.109	   0.34	     -1	

posterior probs

  -	0.42	0.79	0.25	0.28	
0.42	  -	0.53	0.68	0.65	
0.79	0.53	  -	0.96	0.34	
0.25	0.68	0.96	  -	0.86	
0.28	0.65	0.34	0.86	  -	

