entries are in the following order:
dS
omega
body_mass
brain_mass
GI

covariances

  0.935	-0.0767	  -2.45	  -2.06	 -0.248	
-0.0767	 0.0257	  0.197	  0.173	 0.0237	
  -2.45	  0.197	   11.5	   7.91	   0.98	
  -2.06	  0.173	   7.91	   6.39	  0.872	
 -0.248	 0.0237	   0.98	  0.872	  0.177	

correlation coefficients

      1	 -0.431	  -0.75	 -0.851	 -0.614	
 -0.431	      1	  0.337	  0.397	   0.33	
  -0.75	  0.337	      1	   0.92	  0.681	
 -0.851	  0.397	   0.92	      1	  0.815	
 -0.614	   0.33	  0.681	  0.815	      1	

posterior probs

  -	0.23	0.00046	9.8e-05	0.0041	
0.23	  -	0.72	0.74	0.74	
0.00046	0.72	  -	  1	  1	
9.8e-05	0.74	  1	  -	  1	
0.0041	0.74	  1	  1	  -	

precisions

     39	   57.1	  -1.19	   12.5	  -11.9	
   57.1	2.24e+03	  0.686	  -21.6	    -26	
  -1.19	  0.686	    1.9	  -2.75	   2.51	
   12.5	  -21.6	  -2.75	   11.4	  -13.7	
  -11.9	    -26	   2.51	  -13.7	   58.2	

partial correlation coefficients

     -1	 -0.246	  0.186	 -0.555	  0.297	
 -0.246	     -1	-0.0289	  0.111	 0.0705	
  0.186	-0.0289	     -1	  0.629	 -0.267	
 -0.555	  0.111	  0.629	     -1	  0.562	
  0.297	 0.0705	 -0.267	  0.562	     -1	

posterior probs

  -	0.31	0.69	0.058	0.79	
0.31	  -	0.47	0.6	0.56	
0.69	0.47	  -	0.96	0.19	
0.058	0.6	0.96	  -	0.95	
0.79	0.56	0.19	0.95	  -	

