entries are in the following order:
dS
omega
body_mass
brain_mass
GI

covariances

   1.17	  0.673	  -1.75	  -1.68	 -0.232	
  0.673	   1.33	  -2.36	  -1.92	 -0.287	
  -1.75	  -2.36	   8.56	    5.8	   0.77	
  -1.68	  -1.92	    5.8	   4.84	  0.706	
 -0.232	 -0.287	   0.77	  0.706	  0.151	

correlation coefficients

      1	  0.642	 -0.582	 -0.736	 -0.574	
  0.642	      1	 -0.778	 -0.837	 -0.704	
 -0.582	 -0.778	      1	  0.898	  0.671	
 -0.736	 -0.837	  0.898	      1	  0.821	
 -0.574	 -0.704	  0.671	  0.821	      1	

posterior probs

  -	0.95	0.02	0.0019	0.0094	
0.95	  -	0.041	0.041	0.042	
0.02	0.041	  -	  1	  1	
0.0019	0.041	  1	  -	  1	
0.0094	0.042	  1	  1	  -	

precisions

   71.2	  -32.2	  -1.28	   12.6	  -7.46	
  -32.2	    576	     11	   40.3	   29.7	
  -1.28	     11	    3.9	  -1.68	   3.03	
   12.6	   40.3	  -1.68	   24.7	  -7.32	
  -7.46	   29.7	   3.03	  -7.32	   71.7	

partial correlation coefficients

     -1	  0.228	   0.26	 -0.355	  0.189	
  0.228	     -1	 -0.274	 -0.401	 -0.191	
   0.26	 -0.274	     -1	  0.409	 -0.247	
 -0.355	 -0.401	  0.409	     -1	  0.349	
  0.189	 -0.191	 -0.247	  0.349	     -1	

posterior probs

  -	0.68	0.75	0.19	0.7	
0.68	  -	0.29	0.19	0.35	
0.75	0.29	  -	0.83	0.21	
0.19	0.19	0.83	  -	0.82	
0.7	0.35	0.21	0.82	  -	

