entries are in the following order:
dS
omega
body_mass
brain_mass
GI

covariances

  0.528	-0.00672	  -1.34	  -1.19	 -0.138	
-0.00672	  0.365	  0.101	 0.0406	  0.037	
  -1.34	  0.101	   10.1	   6.61	  0.869	
  -1.19	 0.0406	   6.61	   5.48	  0.773	
 -0.138	  0.037	  0.869	  0.773	  0.163	

correlation coefficients

      1	-0.0502	 -0.603	 -0.726	 -0.491	
-0.0502	      1	  0.185	  0.168	  0.259	
 -0.603	  0.185	      1	  0.884	   0.67	
 -0.726	  0.168	  0.884	      1	  0.813	
 -0.491	  0.259	   0.67	  0.813	      1	

posterior probs

  -	0.46	0.015	0.0022	0.028	
0.46	  -	0.63	0.61	0.74	
0.015	0.63	  -	  1	  1	
0.0022	0.61	  1	  -	  1	
0.028	0.74	  1	  1	  -	

precisions

   41.1	  -9.87	 -0.141	   9.66	  -8.25	
  -9.87	    596	   -3.3	  -6.39	  -21.4	
 -0.141	   -3.3	    1.1	   -1.4	   1.52	
   9.66	  -6.39	   -1.4	   5.85	  -9.39	
  -8.25	  -21.4	   1.52	  -9.39	   45.1	

partial correlation coefficients

     -1	 0.0843	  0.126	 -0.573	  0.265	
 0.0843	     -1	  0.144	 -0.015	  0.225	
  0.126	  0.144	     -1	  0.616	 -0.214	
 -0.573	 -0.015	  0.616	     -1	  0.609	
  0.265	  0.225	 -0.214	  0.609	     -1	

posterior probs

  -	0.57	0.64	0.037	0.78	
0.57	  -	0.64	0.47	0.74	
0.64	0.64	  -	0.96	0.21	
0.037	0.47	0.96	  -	0.97	
0.78	0.74	0.21	0.97	  -	

