entries are in the following order:
dS
omega
body_mass
brain_mass
GI

covariances

   4.69	   1.03	-0.0291	 -0.595	-0.0779	
   1.03	   1.94	   1.44	   1.12	  0.158	
-0.0291	   1.44	   7.54	   5.21	  0.687	
 -0.595	   1.12	   5.21	   4.45	  0.645	
-0.0779	  0.158	  0.687	  0.645	  0.138	

correlation coefficients

      1	  0.346	-0.0094	 -0.138	 -0.102	
  0.346	      1	  0.483	  0.486	  0.373	
-0.0094	  0.483	      1	  0.897	  0.666	
 -0.138	  0.486	  0.897	      1	   0.82	
 -0.102	  0.373	  0.666	   0.82	      1	

posterior probs

  -	0.83	0.48	0.27	0.32	
0.83	  -	0.93	0.94	0.91	
0.48	0.93	  -	  1	  1	
0.27	0.94	  1	  -	  1	
0.32	0.91	  1	  1	  -	

precisions

    0.9	  -1.22	  -0.25	  0.823	 -0.936	
  -1.22	    111	  -2.84	  -6.15	   1.39	
  -0.25	  -2.84	   1.51	  -1.69	   1.64	
  0.823	  -6.15	  -1.69	    4.7	  -8.31	
 -0.936	   1.39	   1.64	  -8.31	   38.5	

partial correlation coefficients

     -1	  0.503	   0.25	 -0.394	  0.146	
  0.503	     -1	-0.0013	   0.36	 -0.122	
   0.25	-0.0013	     -1	  0.722	 -0.244	
 -0.394	   0.36	  0.722	     -1	  0.637	
  0.146	 -0.122	 -0.244	  0.637	     -1	

posterior probs

  -	0.89	0.8	0.074	0.7	
0.89	  -	0.46	0.88	0.36	
0.8	0.46	  -	0.98	0.14	
0.074	0.88	0.98	  -	0.99	
0.7	0.36	0.14	0.99	  -	

