entries are in the following order:
dS
omega
body_mass
brain_mass
GI

covariances

  0.435	-0.0155	  -1.09	  -1.09	 -0.156	
-0.0155	 0.0201	  0.112	 0.0798	 0.0122	
  -1.09	  0.112	   9.79	   6.46	  0.856	
  -1.09	 0.0798	   6.46	   5.34	  0.749	
 -0.156	 0.0122	  0.856	  0.749	  0.159	

correlation coefficients

      1	 -0.121	 -0.555	 -0.748	 -0.621	
 -0.121	      1	  0.213	  0.205	  0.184	
 -0.555	  0.213	      1	  0.892	   0.68	
 -0.748	  0.205	  0.892	      1	  0.809	
 -0.621	  0.184	   0.68	  0.809	      1	

posterior probs

  -	0.41	0.025	0.002	0.0055	
0.41	  -	0.63	0.62	0.63	
0.025	0.63	  -	  1	  1	
0.002	0.62	  1	  -	  1	
0.0055	0.63	  1	  1	  -	

precisions

   65.9	  -9.08	   -2.4	   14.2	  0.729	
  -9.08	2.2e+03	  -7.41	  -10.2	  -25.5	
   -2.4	  -7.41	   1.94	   -2.4	   1.05	
   14.2	  -10.2	   -2.4	   8.89	  -6.26	
  0.729	  -25.5	   1.05	  -6.26	   47.3	

partial correlation coefficients

     -1	 0.0432	  0.289	 -0.535	 0.0274	
 0.0432	     -1	  0.107	 0.0654	 0.0767	
  0.289	  0.107	     -1	  0.623	 -0.124	
 -0.535	 0.0654	  0.623	     -1	  0.368	
 0.0274	 0.0767	 -0.124	  0.368	     -1	

posterior probs

  -	0.54	0.77	0.069	0.53	
0.54	  -	0.59	0.56	0.56	
0.77	0.59	  -	0.95	0.33	
0.069	0.56	0.95	  -	0.86	
0.53	0.56	0.33	0.86	  -	

