entries are in the following order:
dS
omega
body_mass
brain_mass
GI

covariances

  0.269	 0.0574	  -1.15	 -0.907	 -0.127	
 0.0574	  0.255	 -0.436	 -0.326	-0.0466	
  -1.15	 -0.436	   8.53	   5.76	  0.748	
 -0.907	 -0.326	   5.76	   4.68	  0.659	
 -0.127	-0.0466	  0.748	  0.659	  0.138	

correlation coefficients

      1	  0.295	 -0.824	 -0.881	 -0.728	
  0.295	      1	 -0.312	 -0.321	 -0.268	
 -0.824	 -0.312	      1	  0.909	  0.685	
 -0.881	 -0.321	  0.909	      1	  0.816	
 -0.728	 -0.268	  0.685	  0.816	      1	

posterior probs

  -	0.67	0.012	0.0094	0.014	
0.67	  -	0.31	0.31	0.32	
0.012	0.31	  -	  1	  1	
0.0094	0.31	  1	  -	  1	
0.014	0.32	  1	  1	  -	

precisions

    719	  -82.9	   12.8	   61.4	   36.8	
  -82.9	1.86e+03	   7.16	     21	   16.9	
   12.8	   7.16	   4.53	  -1.27	   1.55	
   61.4	     21	  -1.27	   22.9	  -6.03	
   36.8	   16.9	   1.55	  -6.03	   97.4	

partial correlation coefficients

     -1	 0.0779	 -0.148	 -0.473	-0.0759	
 0.0779	     -1	-0.0914	   -0.1	-0.0415	
 -0.148	-0.0914	     -1	  0.286	 -0.134	
 -0.473	   -0.1	  0.286	     -1	  0.256	
-0.0759	-0.0415	 -0.134	  0.256	     -1	

posterior probs

  -	0.57	0.38	0.13	0.44	
0.57	  -	0.43	0.42	0.47	
0.38	0.43	  -	0.74	0.34	
0.13	0.42	0.74	  -	0.74	
0.44	0.47	0.34	0.74	  -	

