entries are in the following order:
dS
omega
body_mass
brain_mass
GI

covariances

   2.05	 -0.114	 -0.886	  -1.07	 -0.132	
 -0.114	  0.384	-0.00685	-0.0941	 -0.016	
 -0.886	-0.00685	   11.1	   7.47	  0.948	
  -1.07	-0.0941	   7.47	      6	  0.829	
 -0.132	 -0.016	  0.948	  0.829	  0.169	

correlation coefficients

      1	 -0.124	  -0.19	 -0.309	 -0.227	
 -0.124	      1	-0.0502	 -0.105	 -0.101	
  -0.19	-0.0502	      1	  0.912	  0.684	
 -0.309	 -0.105	  0.912	      1	  0.818	
 -0.227	 -0.101	  0.684	  0.818	      1	

posterior probs

  -	0.35	0.23	0.1	0.16	
0.35	  -	0.47	0.41	0.4	
0.23	0.47	  -	  1	  1	
0.1	0.41	  1	  -	  1	
0.16	0.4	  1	  1	  -	

precisions

   1.18	   1.78	 -0.323	  0.775	 -0.917	
   1.78	    375	  0.256	   3.66	   4.01	
 -0.323	  0.256	   1.13	  -1.59	   1.53	
  0.775	   3.66	  -1.59	   3.49	  -6.31	
 -0.917	   4.01	   1.53	  -6.31	   31.3	

partial correlation coefficients

     -1	 -0.181	  0.275	 -0.364	  0.145	
 -0.181	     -1	  0.165	 -0.207	 0.0285	
  0.275	  0.165	     -1	  0.815	 -0.261	
 -0.364	 -0.207	  0.815	     -1	  0.613	
  0.145	 0.0285	 -0.261	  0.613	     -1	

posterior probs

  -	0.3	0.84	0.085	0.71	
0.3	  -	0.69	0.26	0.54	
0.84	0.69	  -	  1	0.12	
0.085	0.26	  1	  -	0.99	
0.71	0.54	0.12	0.99	  -	

