entries are in the following order:
dS
omega
body_mass
brain_mass
GI

covariances

  0.427	-0.0414	  -1.51	   -1.3	 -0.171	
-0.0414	  0.108	  0.103	  0.115	 0.0189	
  -1.51	  0.103	   10.1	   6.89	  0.845	
   -1.3	  0.115	   6.89	   5.63	  0.758	
 -0.171	 0.0189	  0.845	  0.758	  0.151	

correlation coefficients

      1	 -0.151	 -0.757	 -0.872	 -0.707	
 -0.151	      1	 0.0846	  0.122	  0.119	
 -0.757	 0.0846	      1	  0.913	  0.678	
 -0.872	  0.122	  0.913	      1	  0.817	
 -0.707	  0.119	  0.678	  0.817	      1	

posterior probs

  -	0.42	0.01	0.002	0.006	
0.42	  -	0.55	0.57	0.58	
0.01	0.55	  -	  1	  1	
0.002	0.57	  1	  -	  1	
0.006	0.58	  1	  1	  -	

precisions

    306	   53.5	 -0.355	   53.7	   1.11	
   53.5	  2e+03	   4.11	  -13.5	  -10.1	
 -0.355	   4.11	   2.99	  -3.18	   1.81	
   53.7	  -13.5	  -3.18	   24.6	    -10	
   1.11	  -10.1	   1.81	    -10	   79.6	

partial correlation coefficients

     -1	-0.0956	  0.122	 -0.584	 0.0745	
-0.0956	     -1	-0.0654	 0.0498	 0.0329	
  0.122	-0.0654	     -1	  0.468	 -0.177	
 -0.584	 0.0498	  0.468	     -1	  0.328	
 0.0745	 0.0329	 -0.177	  0.328	     -1	

posterior probs

  -	0.42	0.61	0.065	0.57	
0.42	  -	0.45	0.54	0.53	
0.61	0.45	  -	0.86	0.29	
0.065	0.54	0.86	  -	0.79	
0.57	0.53	0.29	0.79	  -	

