entries are in the following order:
dS
omega
body_mass
brain_mass
GI

covariances

  0.711	   0.63	 -0.474	 -0.679	 -0.123	
   0.63	   3.38	  -1.28	  -1.85	 -0.415	
 -0.474	  -1.28	    9.5	   6.31	  0.798	
 -0.679	  -1.85	   6.31	   5.14	   0.72	
 -0.123	 -0.415	  0.798	   0.72	  0.153	

correlation coefficients

      1	  0.489	 -0.265	  -0.45	 -0.461	
  0.489	      1	  -0.24	 -0.464	 -0.609	
 -0.265	  -0.24	      1	  0.899	  0.656	
  -0.45	 -0.464	  0.899	      1	  0.807	
 -0.461	 -0.609	  0.656	  0.807	      1	

posterior probs

  -	0.91	0.25	0.098	0.071	
0.91	  -	0.22	0.069	0.02	
0.25	0.22	  -	  1	  1	
0.098	0.069	  1	  -	  1	
0.071	0.02	  1	  1	  -	

precisions

   88.9	  -9.06	 -0.445	    8.5	   5.95	
  -9.06	   5.57	  -0.84	   0.63	   5.89	
 -0.445	  -0.84	    1.7	  -2.35	 -0.326	
    8.5	   0.63	  -2.35	   5.39	  -3.96	
   5.95	   5.89	 -0.326	  -3.96	   51.4	

partial correlation coefficients

     -1	  0.271	  0.196	 -0.329	0.00228	
  0.271	     -1	   0.33	 -0.191	 -0.383	
  0.196	   0.33	     -1	  0.805	-0.00849	
 -0.329	 -0.191	  0.805	     -1	  0.323	
0.00228	 -0.383	-0.00849	  0.323	     -1	

posterior probs

  -	0.72	0.72	0.16	0.5	
0.72	  -	0.82	0.3	0.14	
0.72	0.82	  -	0.99	0.47	
0.16	0.3	0.99	  -	0.86	
0.5	0.14	0.47	0.86	  -	

