entries are in the following order:
dS
omega
body_mass
brain_mass
GI

covariances

   0.64	 0.0317	 -0.837	  -0.82	 -0.101	
 0.0317	 0.0276	 -0.197	 -0.163	-0.0214	
 -0.837	 -0.197	   8.88	   5.93	  0.736	
  -0.82	 -0.163	   5.93	   4.91	  0.682	
 -0.101	-0.0214	  0.736	  0.682	  0.146	

correlation coefficients

      1	  0.258	 -0.356	 -0.474	 -0.344	
  0.258	      1	 -0.376	 -0.421	 -0.327	
 -0.356	 -0.376	      1	  0.894	  0.641	
 -0.474	 -0.421	  0.894	      1	  0.801	
 -0.344	 -0.327	  0.641	  0.801	      1	

posterior probs

  -	0.72	0.12	0.06	0.12	
0.72	  -	0.25	0.24	0.26	
0.12	0.25	  -	  1	  1	
0.06	0.24	  1	  -	  1	
0.12	0.26	  1	  1	  -	

precisions

   13.4	  -24.9	 -0.908	   2.75	  -1.37	
  -24.9	1.92e+03	   4.66	   24.7	   10.4	
 -0.908	   4.66	   1.66	  -1.86	   1.59	
   2.75	   24.7	  -1.86	   6.23	  -7.45	
  -1.37	   10.4	   1.59	  -7.45	   46.9	

partial correlation coefficients

     -1	  0.154	  0.186	 -0.285	  0.103	
  0.154	     -1	-0.0593	 -0.232	-0.00435	
  0.186	-0.0593	     -1	   0.64	 -0.218	
 -0.285	 -0.232	   0.64	     -1	  0.504	
  0.103	-0.00435	 -0.218	  0.504	     -1	

posterior probs

  -	0.62	0.69	0.22	0.63	
0.62	  -	0.45	0.3	0.5	
0.69	0.45	  -	0.96	0.21	
0.22	0.3	0.96	  -	0.93	
0.63	0.5	0.21	0.93	  -	

