entries are in the following order:
dS
omega
body_mass
brain_mass
GI

covariances

   0.34	  -0.35	  -1.33	  -1.18	 -0.158	
  -0.35	  0.506	   1.86	   1.55	  0.231	
  -1.33	   1.86	   9.66	   6.61	  0.864	
  -1.18	   1.55	   6.61	   5.54	   0.78	
 -0.158	  0.231	  0.864	   0.78	  0.158	

correlation coefficients

      1	 -0.878	 -0.768	 -0.896	 -0.713	
 -0.878	      1	  0.862	  0.953	  0.846	
 -0.768	  0.862	      1	    0.9	  0.693	
 -0.896	  0.953	    0.9	      1	  0.829	
 -0.713	  0.846	  0.693	  0.829	      1	

posterior probs

  -	0.0013	0.0038	0.00044	0.0048	
0.0013	  -	  1	  1	  1	
0.0038	  1	  -	  1	  1	
0.00044	  1	  1	  -	  1	
0.0048	  1	  1	  1	  -	

precisions

    560	    165	  -4.49	   74.6	  -27.9	
    165	    593	  -9.71	   -100	   -110	
  -4.49	  -9.71	   3.08	  -2.54	   4.14	
   74.6	   -100	  -2.54	   51.3	  -4.27	
  -27.9	   -110	   4.14	  -4.27	    138	

partial correlation coefficients

     -1	 -0.282	  0.235	 -0.461	   0.24	
 -0.282	     -1	  0.196	  0.458	  0.375	
  0.235	  0.196	     -1	  0.297	 -0.243	
 -0.461	  0.458	  0.297	     -1	  0.125	
   0.24	  0.375	 -0.243	  0.125	     -1	

posterior probs

  -	0.26	0.71	0.14	0.71	
0.26	  -	0.66	0.86	0.79	
0.71	0.66	  -	0.74	0.24	
0.14	0.86	0.74	  -	0.62	
0.71	0.79	0.24	0.62	  -	

