entries are in the following order:
dS
omega
body_mass
brain_mass
GI

covariances

   1.71	-0.0951	  -2.68	  -2.36	 -0.251	
-0.0951	 0.0721	  0.209	  0.175	 0.0231	
  -2.68	  0.209	   10.1	   6.74	  0.791	
  -2.36	  0.175	   6.74	   5.51	  0.738	
 -0.251	 0.0231	  0.791	  0.738	  0.154	

correlation coefficients

      1	 -0.282	 -0.648	 -0.776	 -0.492	
 -0.282	      1	  0.274	  0.305	  0.234	
 -0.648	  0.274	      1	  0.902	  0.628	
 -0.776	  0.305	  0.902	      1	  0.796	
 -0.492	  0.234	  0.628	  0.796	      1	

posterior probs

  -	0.3	0.0034	0.00046	0.014	
0.3	  -	0.68	0.69	0.68	
0.0034	0.68	  -	  1	  1	
0.00046	0.69	  1	  -	  1	
0.014	0.68	  1	  1	  -	

precisions

   11.4	   16.2	  -1.09	   6.19	  -9.38	
   16.2	2.04e+03	  -3.96	  -18.1	  -14.3	
  -1.09	  -3.96	   1.88	  -2.68	   3.53	
   6.19	  -18.1	  -2.68	     11	  -16.2	
  -9.38	  -14.3	   3.53	  -16.2	   69.6	

partial correlation coefficients

     -1	  -0.12	  0.284	 -0.562	  0.378	
  -0.12	     -1	  0.051	  0.106	 0.0322	
  0.284	  0.051	     -1	  0.647	 -0.343	
 -0.562	  0.106	  0.647	     -1	  0.624	
  0.378	 0.0322	 -0.343	  0.624	     -1	

posterior probs

  -	0.4	0.78	0.056	0.87	
0.4	  -	0.54	0.6	0.53	
0.78	0.54	  -	0.96	0.14	
0.056	0.6	0.96	  -	0.97	
0.87	0.53	0.14	0.97	  -	

