entries are in the following order:
dS
omega
body_mass
brain_mass
GI

covariances

  0.124	 0.0186	 -0.529	 -0.426	-0.0644	
 0.0186	 0.0568	 -0.361	 -0.266	-0.0398	
 -0.529	 -0.361	   8.89	   6.02	  0.814	
 -0.426	 -0.266	   6.02	      5	  0.723	
-0.0644	-0.0398	  0.814	  0.723	   0.15	

correlation coefficients

      1	  0.365	 -0.639	 -0.693	 -0.615	
  0.365	      1	 -0.502	 -0.501	 -0.441	
 -0.639	 -0.502	      1	    0.9	  0.698	
 -0.693	 -0.501	    0.9	      1	  0.829	
 -0.615	 -0.441	  0.698	  0.829	      1	

posterior probs

  -	0.73	0.077	0.064	0.069	
0.73	  -	0.19	0.2	0.2	
0.077	0.19	  -	  1	  1	
0.064	0.2	  1	  -	  1	
0.069	0.2	  1	  1	  -	

precisions

1.13e+03	   -114	   9.05	   29.6	   59.1	
   -114	1.8e+03	   14.9	   16.9	     52	
   9.05	   14.9	    2.8	  -1.24	    1.1	
   29.6	   16.9	  -1.24	   7.54	  -5.29	
   59.1	     52	    1.1	  -5.29	   89.4	

partial correlation coefficients

     -1	 0.0853	 -0.104	  -0.29	 -0.132	
 0.0853	     -1	 -0.221	 -0.113	 -0.121	
 -0.104	 -0.221	     -1	  0.417	 -0.121	
  -0.29	 -0.113	  0.417	     -1	   0.33	
 -0.132	 -0.121	 -0.121	   0.33	     -1	

posterior probs

  -	0.58	0.42	0.25	0.39	
0.58	  -	0.32	0.41	0.4	
0.42	0.32	  -	0.85	0.34	
0.25	0.41	0.85	  -	0.81	
0.39	0.4	0.34	0.81	  -	

