entries are in the following order:
dS
omega
body_mass
brain_mass
GI

covariances

  0.589	  0.301	  -0.57	  -1.01	 -0.133	
  0.301	  0.393	  0.202	 -0.397	-0.0816	
  -0.57	  0.202	   11.2	    7.5	  0.865	
  -1.01	 -0.397	    7.5	    6.2	    0.8	
 -0.133	-0.0816	  0.865	    0.8	  0.166	

correlation coefficients

      1	  0.713	 -0.239	 -0.555	 -0.445	
  0.713	      1	 0.0895	 -0.271	 -0.334	
 -0.239	 0.0895	      1	  0.895	  0.626	
 -0.555	 -0.271	  0.895	      1	  0.783	
 -0.445	 -0.334	  0.626	  0.783	      1	

posterior probs

  -	0.97	0.21	0.014	0.035	
0.97	  -	0.61	0.19	0.1	
0.21	0.61	  -	  1	  1	
0.014	0.19	  1	  -	  1	
0.035	0.1	  1	  1	  -	

precisions

    138	   -120	  -4.47	   18.5	  -17.3	
   -120	    276	  -16.9	   15.4	   10.6	
  -4.47	  -16.9	   8.17	  -11.8	    4.4	
   18.5	   15.4	  -11.8	   20.4	  -13.8	
  -17.3	   10.6	    4.4	  -13.8	     45	

partial correlation coefficients

     -1	  0.525	  0.219	 -0.422	  0.305	
  0.525	     -1	  0.492	 -0.303	 -0.116	
  0.219	  0.492	     -1	   0.89	 -0.227	
 -0.422	 -0.303	   0.89	     -1	   0.47	
  0.305	 -0.116	 -0.227	   0.47	     -1	

posterior probs

  -	0.89	0.71	0.12	0.78	
0.89	  -	0.9	0.21	0.38	
0.71	0.9	  -	  1	0.25	
0.12	0.21	  1	  -	0.94	
0.78	0.38	0.25	0.94	  -	

