entries are in the following order:
dS
omega
body_mass
brain_mass
GI

covariances

   1.77	-0.0255	  -1.82	  -1.54	 -0.152	
-0.0255	  0.017	  0.117	 0.0991	 0.0175	
  -1.82	  0.117	   8.13	   5.59	  0.748	
  -1.54	 0.0991	   5.59	   4.79	  0.697	
 -0.152	 0.0175	  0.748	  0.697	  0.147	

correlation coefficients

      1	 -0.125	 -0.483	 -0.531	 -0.299	
 -0.125	      1	  0.297	  0.325	  0.326	
 -0.483	  0.297	      1	  0.894	  0.678	
 -0.531	  0.325	  0.894	      1	  0.826	
 -0.299	  0.326	  0.678	  0.826	      1	

posterior probs

  -	0.37	0.011	0.0064	0.083	
0.37	  -	0.69	0.7	0.72	
0.011	0.69	  -	  1	  1	
0.0064	0.7	  1	  -	  1	
0.083	0.72	  1	  1	  -	

precisions

   2.36	  -3.42	-0.0762	  0.942	  -2.15	
  -3.42	2.16e+03	  -6.22	  -13.1	  -64.7	
-0.0762	  -6.22	   1.43	   -1.4	   1.36	
  0.942	  -13.1	   -1.4	   4.65	  -7.85	
  -2.15	  -64.7	   1.36	  -7.85	   59.5	

partial correlation coefficients

     -1	 0.0449	 0.0479	 -0.311	  0.228	
 0.0449	     -1	 0.0891	  0.107	  0.174	
 0.0479	 0.0891	     -1	  0.608	 -0.185	
 -0.311	  0.107	  0.608	     -1	  0.547	
  0.228	  0.174	 -0.185	  0.547	     -1	

posterior probs

  -	0.53	0.56	0.15	0.78	
0.53	  -	0.57	0.59	0.64	
0.56	0.57	  -	0.96	0.24	
0.15	0.59	0.96	  -	0.95	
0.78	0.64	0.24	0.95	  -	

