entries are in the following order:
dS
omega
body_mass
brain_mass
GI

covariances

    1.9	 0.0452	 -0.315	 -0.769	  -0.12	
 0.0452	 0.0831	  -0.57	 -0.428	-0.0607	
 -0.315	  -0.57	    8.1	   5.33	  0.687	
 -0.769	 -0.428	   5.33	   4.37	  0.625	
  -0.12	-0.0607	  0.687	  0.625	  0.138	

correlation coefficients

      1	  0.161	-0.0914	 -0.277	 -0.241	
  0.161	      1	 -0.743	 -0.768	 -0.622	
-0.0914	 -0.743	      1	  0.893	  0.645	
 -0.277	 -0.768	  0.893	      1	  0.802	
 -0.241	 -0.622	  0.645	  0.802	      1	

posterior probs

  -	0.69	0.36	0.12	0.14	
0.69	  -	0.052	0.052	0.061	
0.36	0.052	  -	  1	  1	
0.12	0.052	  1	  -	  1	
0.14	0.061	  1	  1	  -	

precisions

   1.88	  -1.79	 -0.475	  0.848	 -0.718	
  -1.79	1.19e+03	   19.9	   37.7	     44	
 -0.475	   19.9	   2.68	  -1.38	   1.98	
  0.848	   37.7	  -1.38	   7.38	  -6.03	
 -0.718	     44	   1.98	  -6.03	   51.2	

partial correlation coefficients

     -1	 0.0208	  0.269	 -0.284	  0.073	
 0.0208	     -1	 -0.334	 -0.375	 -0.124	
  0.269	 -0.334	     -1	  0.481	 -0.219	
 -0.284	 -0.375	  0.481	     -1	  0.421	
  0.073	 -0.124	 -0.219	  0.421	     -1	

posterior probs

  -	0.52	0.79	0.2	0.6	
0.52	  -	0.24	0.2	0.4	
0.79	0.24	  -	0.88	0.22	
0.2	0.2	0.88	  -	0.88	
0.6	0.4	0.22	0.88	  -	

