entries are in the following order:
dS
omega
body_mass
brain_mass
GI

covariances

    2.1	-0.0412	  -1.64	  -1.96	  -0.18	
-0.0412	  0.017	 0.0784	 0.0727	0.00834	
  -1.64	 0.0784	   11.7	   7.66	  0.946	
  -1.96	 0.0727	   7.66	   6.35	  0.833	
  -0.18	0.00834	  0.946	  0.833	  0.172	

correlation coefficients

      1	 -0.183	 -0.343	 -0.548	 -0.308	
 -0.183	      1	  0.153	  0.193	  0.136	
 -0.343	  0.153	      1	  0.887	  0.661	
 -0.548	  0.193	  0.887	      1	  0.791	
 -0.308	  0.136	  0.661	  0.791	      1	

posterior probs

  -	0.36	0.099	0.013	0.11	
0.36	  -	0.61	0.62	0.61	
0.099	0.61	  -	  1	  1	
0.013	0.62	  1	  -	  1	
0.11	0.61	  1	  1	  -	

precisions

   3.52	     11	 -0.642	   1.82	  -2.93	
     11	2.29e+03	 -0.613	  -10.8	  -1.34	
 -0.642	 -0.613	   1.32	  -1.69	   1.62	
   1.82	  -10.8	  -1.69	   4.85	  -7.51	
  -2.93	  -1.34	   1.62	  -7.51	   41.2	

partial correlation coefficients

     -1	 -0.124	  0.337	 -0.491	  0.275	
 -0.124	     -1	0.00162	  0.101	-0.00228	
  0.337	0.00162	     -1	  0.689	 -0.228	
 -0.491	  0.101	  0.689	     -1	  0.551	
  0.275	-0.00228	 -0.228	  0.551	     -1	

posterior probs

  -	0.4	0.83	0.081	0.8	
0.4	  -	0.5	0.59	0.5	
0.83	0.5	  -	0.98	0.22	
0.081	0.59	0.98	  -	0.96	
0.8	0.5	0.22	0.96	  -	

