entries are in the following order:
dS
omega
body_mass
brain_mass
GI

covariances

  0.644	 0.0306	  -0.83	 -0.814	-0.0993	
 0.0306	 0.0255	 -0.191	 -0.157	-0.0207	
  -0.83	 -0.191	   8.85	   5.91	  0.734	
 -0.814	 -0.157	   5.91	   4.91	   0.68	
-0.0993	-0.0207	  0.734	   0.68	  0.145	

correlation coefficients

      1	  0.264	 -0.354	 -0.471	  -0.34	
  0.264	      1	 -0.389	 -0.432	 -0.336	
 -0.354	 -0.389	      1	  0.894	   0.64	
 -0.471	 -0.432	  0.894	      1	    0.8	
  -0.34	 -0.336	   0.64	    0.8	      1	

posterior probs

  -	0.72	0.12	0.06	0.13	
0.72	  -	0.24	0.23	0.25	
0.12	0.24	  -	  1	  1	
0.06	0.23	  1	  -	  1	
0.13	0.25	  1	  1	  -	

precisions

   13.9	  -24.5	  -0.87	    2.8	  -1.37	
  -24.5	1.99e+03	      5	   24.9	   11.9	
  -0.87	      5	   1.62	  -1.82	   1.52	
    2.8	   24.9	  -1.82	      6	  -7.39	
  -1.37	   11.9	   1.52	  -7.39	   46.9	

partial correlation coefficients

     -1	  0.149	  0.184	 -0.288	  0.103	
  0.149	     -1	-0.0677	 -0.228	-0.0101	
  0.184	-0.0677	     -1	  0.645	 -0.214	
 -0.288	 -0.228	  0.645	     -1	  0.507	
  0.103	-0.0101	 -0.214	  0.507	     -1	

posterior probs

  -	0.62	0.69	0.21	0.63	
0.62	  -	0.44	0.3	0.49	
0.69	0.44	  -	0.96	0.22	
0.21	0.3	0.96	  -	0.94	
0.63	0.49	0.22	0.94	  -	

