entries are in the following order:
dS
omega
body_mass
brain_mass
GI

covariances

   1.67	 -0.004	   -1.6	  -1.65	 -0.211	
 -0.004	 0.0229	-0.0147	-0.00711	-0.000413	
   -1.6	-0.0147	   10.3	   6.98	  0.917	
  -1.65	-0.00711	   6.98	    5.8	  0.815	
 -0.211	-0.000413	  0.917	  0.815	   0.17	

correlation coefficients

      1	-0.0072	 -0.401	 -0.549	 -0.408	
-0.0072	      1	-0.0255	-0.0188	-0.00723	
 -0.401	-0.0255	      1	  0.899	  0.686	
 -0.549	-0.0188	  0.899	      1	  0.818	
 -0.408	-0.00723	  0.686	  0.818	      1	

posterior probs

  -	0.5	0.066	0.016	0.048	
0.5	  -	0.48	0.49	0.49	
0.066	0.48	  -	  1	  1	
0.016	0.49	  1	  -	  1	
0.048	0.49	  1	  1	  -	

precisions

   3.63	  0.569	 -0.415	    1.4	  -1.43	
  0.569	2.14e+03	   1.41	  0.756	  -2.68	
 -0.415	   1.41	    1.4	  -1.47	   1.15	
    1.4	  0.756	  -1.47	   4.54	  -6.18	
  -1.43	  -2.68	   1.15	  -6.18	   42.8	

partial correlation coefficients

     -1	-0.00876	  0.218	 -0.373	   0.13	
-0.00876	     -1	-0.0277	-0.00609	 0.0156	
  0.218	-0.0277	     -1	  0.644	 -0.176	
 -0.373	-0.00609	  0.644	     -1	  0.496	
   0.13	 0.0156	 -0.176	  0.496	     -1	

posterior probs

  -	0.49	0.74	0.13	0.66	
0.49	  -	0.48	0.49	0.51	
0.74	0.48	  -	0.96	0.25	
0.13	0.49	0.96	  -	0.94	
0.66	0.51	0.25	0.94	  -	

