entries are in the following order:
dS
omega
body_mass
brain_mass
GI

covariances

   2.31	 0.0361	   -2.8	  -2.63	  -0.36	
 0.0361	 0.0701	  0.014	-0.0147	-0.00388	
   -2.8	  0.014	   9.53	   6.39	    0.8	
  -2.63	-0.0147	   6.39	   5.23	  0.726	
  -0.36	-0.00388	    0.8	  0.726	  0.155	

correlation coefficients

      1	 0.0705	 -0.602	 -0.765	 -0.611	
 0.0705	      1	 0.0203	-0.00783	-0.0185	
 -0.602	 0.0203	      1	  0.902	  0.652	
 -0.765	-0.00783	  0.902	      1	  0.803	
 -0.611	-0.0185	  0.652	  0.803	      1	

posterior probs

  -	0.54	0.0073	0.00016	0.0036	
0.54	  -	0.51	0.49	0.49	
0.0073	0.51	  -	  1	  1	
0.00016	0.49	  1	  -	  1	
0.0036	0.49	  1	  1	  -	

precisions

   9.34	  -13.2	 -0.596	   4.05	  -1.23	
  -13.2	1.84e+03	  -2.58	  -2.41	   2.97	
 -0.596	  -2.58	   1.95	  -2.17	   1.66	
   4.05	  -2.41	  -2.17	   8.48	  -7.44	
  -1.23	   2.97	   1.66	  -7.44	   47.9	

partial correlation coefficients

     -1	  0.134	  0.235	 -0.478	 0.0991	
  0.134	     -1	 0.0546	 0.0351	-0.0164	
  0.235	 0.0546	     -1	   0.63	 -0.212	
 -0.478	 0.0351	   0.63	     -1	  0.446	
 0.0991	-0.0164	 -0.212	  0.446	     -1	

posterior probs

  -	0.6	0.74	0.084	0.61	
0.6	  -	0.54	0.53	0.49	
0.74	0.54	  -	0.95	0.23	
0.084	0.53	0.95	  -	0.91	
0.61	0.49	0.23	0.91	  -	

