entries are in the following order:
dS
omega
body_mass
brain_mass
GI

covariances

  0.767	-0.0533	 -0.583	 -0.759	-0.0817	
-0.0533	 0.0624	  0.415	  0.301	  0.034	
 -0.583	  0.415	   8.84	   6.01	  0.714	
 -0.759	  0.301	   6.01	   4.99	  0.689	
-0.0817	  0.034	  0.714	  0.689	  0.148	

correlation coefficients

      1	 -0.241	 -0.222	 -0.397	 -0.251	
 -0.241	      1	  0.591	  0.586	  0.413	
 -0.222	  0.591	      1	  0.902	  0.617	
 -0.397	  0.586	  0.902	      1	  0.796	
 -0.251	  0.413	  0.617	  0.796	      1	

posterior probs

  -	0.26	0.2	0.058	0.15	
0.26	  -	0.86	0.86	0.82	
0.2	0.86	  -	  1	  1	
0.058	0.86	  1	  -	  1	
0.15	0.82	  1	  1	  -	

precisions

   8.02	   6.86	  -1.86	   3.53	  -5.27	
   6.86	1.75e+03	  -20.8	    -32	  -3.67	
  -1.86	  -20.8	   3.23	  -2.75	   3.17	
   3.53	    -32	  -2.75	    8.9	  -12.5	
  -5.27	  -3.67	   3.17	  -12.5	     58	

partial correlation coefficients

     -1	-0.0659	  0.358	 -0.415	  0.249	
-0.0659	     -1	  0.289	  0.236	-0.0395	
  0.358	  0.289	     -1	  0.617	  -0.31	
 -0.415	  0.236	  0.617	     -1	   0.59	
  0.249	-0.0395	  -0.31	   0.59	     -1	

posterior probs

  -	0.45	0.84	0.12	0.78	
0.45	  -	0.73	0.71	0.46	
0.84	0.73	  -	0.95	0.17	
0.12	0.71	0.95	  -	0.96	
0.78	0.46	0.17	0.96	  -	

