entries are in the following order:
dS
omega
body_mass
brain_mass
GI

covariances

  0.676	-0.0218	  -1.84	  -1.61	 -0.211	
-0.0218	  0.023	  0.105	 0.0612	0.00526	
  -1.84	  0.105	   10.7	   7.22	   0.94	
  -1.61	 0.0612	   7.22	   5.88	  0.816	
 -0.211	0.00526	   0.94	  0.816	  0.166	

correlation coefficients

      1	 -0.106	 -0.695	 -0.825	 -0.641	
 -0.106	      1	  0.163	  0.124	 0.0582	
 -0.695	  0.163	      1	  0.906	  0.696	
 -0.825	  0.124	  0.906	      1	   0.82	
 -0.641	 0.0582	  0.696	   0.82	      1	

posterior probs

  -	0.42	0.0038	0.00048	0.0048	
0.42	  -	0.6	0.58	0.55	
0.0038	0.6	  -	  1	  1	
0.00048	0.58	  1	  -	  1	
0.0048	0.55	  1	  1	  -	

precisions

     51	  -2.43	   -1.2	   14.4	  -3.99	
  -2.43	2.22e+03	  -10.5	  -2.38	   22.3	
   -1.2	  -10.5	   1.88	  -2.23	   1.02	
   14.4	  -2.38	  -2.23	   9.58	  -8.56	
  -3.99	   22.3	   1.02	  -8.56	   48.7	

partial correlation coefficients

     -1	-0.0214	  0.196	 -0.566	  0.129	
-0.0214	     -1	  0.177	-0.000792	-0.0781	
  0.196	  0.177	     -1	  0.592	 -0.145	
 -0.566	-0.000792	  0.592	     -1	  0.455	
  0.129	-0.0781	 -0.145	  0.455	     -1	

posterior probs

  -	0.48	0.69	0.051	0.64	
0.48	  -	0.64	0.5	0.43	
0.69	0.64	  -	0.95	0.3	
0.051	0.5	0.95	  -	0.92	
0.64	0.43	0.3	0.92	  -	

