entries are in the following order:
dS
omega
body_mass
brain_mass
GI

covariances

  0.307	 -0.121	  -1.27	 -0.884	 -0.072	
 -0.121	  0.376	   1.25	  0.992	  0.192	
  -1.27	   1.25	   10.8	   6.99	  0.852	
 -0.884	  0.992	   6.99	    5.6	  0.741	
 -0.072	  0.192	  0.852	  0.741	  0.153	

correlation coefficients

      1	 -0.383	 -0.755	 -0.743	 -0.407	
 -0.383	      1	  0.638	  0.708	  0.836	
 -0.755	  0.638	      1	  0.896	  0.657	
 -0.743	  0.708	  0.896	      1	  0.797	
 -0.407	  0.836	  0.657	  0.797	      1	

posterior probs

  -	0.17	0.0076	0.0081	0.1	
0.17	  -	0.97	0.98	  1	
0.0076	0.97	  -	  1	  1	
0.0081	0.98	  1	  -	  1	
0.1	  1	  1	  1	  -	

precisions

    326	  -23.8	   7.81	   25.5	  -10.3	
  -23.8	    185	  -7.19	  -7.54	   -141	
   7.81	  -7.19	   2.33	 -0.766	   3.06	
   25.5	  -7.54	 -0.766	   8.77	  -15.6	
  -10.3	   -141	   3.06	  -15.6	    241	

partial correlation coefficients

     -1	  0.179	 -0.283	 -0.511	  0.196	
  0.179	     -1	  0.288	  0.071	  0.616	
 -0.283	  0.288	     -1	  0.321	 -0.171	
 -0.511	  0.071	  0.321	     -1	  0.409	
  0.196	  0.616	 -0.171	  0.409	     -1	

posterior probs

  -	0.66	0.25	0.1	0.68	
0.66	  -	0.74	0.56	0.94	
0.25	0.74	  -	0.8	0.32	
0.1	0.56	0.8	  -	0.86	
0.68	0.94	0.32	0.86	  -	

