entries are in the following order:
dS
omega
body_mass
brain_mass
GI

covariances

  0.618	 -0.167	  -1.38	  -1.29	 -0.175	
 -0.167	   1.96	  -1.38	 -0.409	-0.0552	
  -1.38	  -1.38	   9.84	    6.4	  0.846	
  -1.29	 -0.409	    6.4	   5.16	  0.738	
 -0.175	-0.0552	  0.846	  0.738	  0.158	

correlation coefficients

      1	 -0.132	 -0.583	 -0.746	  -0.58	
 -0.132	      1	 -0.296	 -0.117	 -0.088	
 -0.583	 -0.296	      1	  0.895	  0.671	
 -0.746	 -0.117	  0.895	      1	  0.813	
  -0.58	 -0.088	  0.671	  0.813	      1	

posterior probs

  -	0.34	0.023	0.0028	0.012	
0.34	  -	0.18	0.35	0.38	
0.023	0.18	  -	  1	  1	
0.0028	0.35	  1	  -	  1	
0.012	0.38	  1	  1	  -	

precisions

   45.1	   2.59	 -0.686	   13.3	  -3.94	
   2.59	   12.6	   1.32	 -0.796	  0.559	
 -0.686	   1.32	   2.07	  -2.89	   2.06	
   13.3	 -0.796	  -2.89	   8.61	  -8.71	
  -3.94	  0.559	   2.06	  -8.71	   35.4	

partial correlation coefficients

     -1	 -0.217	  0.172	 -0.589	  0.156	
 -0.217	     -1	 -0.391	  0.147	 -0.059	
  0.172	 -0.391	     -1	  0.729	 -0.247	
 -0.589	  0.147	  0.729	     -1	  0.549	
  0.156	 -0.059	 -0.247	  0.549	     -1	

posterior probs

  -	0.28	0.68	0.027	0.68	
0.28	  -	0.14	0.66	0.42	
0.68	0.14	  -	0.98	0.17	
0.027	0.66	0.98	  -	0.96	
0.68	0.42	0.17	0.96	  -	

