entries are in the following order:
dS
omega
body_mass
brain_mass
GI

covariances

  0.554	  0.297	 -0.553	  -0.98	 -0.129	
  0.297	  0.406	  0.198	 -0.413	-0.0837	
 -0.553	  0.198	   11.3	   7.53	  0.869	
  -0.98	 -0.413	   7.53	   6.23	  0.802	
 -0.129	-0.0837	  0.869	  0.802	  0.167	

correlation coefficients

      1	  0.715	  -0.24	 -0.556	 -0.448	
  0.715	      1	 0.0857	 -0.277	 -0.337	
  -0.24	 0.0857	      1	  0.895	  0.627	
 -0.556	 -0.277	  0.895	      1	  0.783	
 -0.448	 -0.337	  0.627	  0.783	      1	

posterior probs

  -	0.97	0.21	0.017	0.036	
0.97	  -	0.61	0.19	0.099	
0.21	0.61	  -	  1	  1	
0.017	0.19	  1	  -	  1	
0.036	0.099	  1	  1	  -	

precisions

    150	   -122	   -4.1	   18.5	  -17.7	
   -122	    271	    -17	   15.7	   10.1	
   -4.1	    -17	   8.21	  -11.8	   4.24	
   18.5	   15.7	  -11.8	   20.3	  -13.6	
  -17.7	   10.1	   4.24	  -13.6	   44.7	

partial correlation coefficients

     -1	  0.525	  0.215	  -0.42	  0.295	
  0.525	     -1	  0.494	 -0.307	 -0.109	
  0.215	  0.494	     -1	  0.889	 -0.223	
  -0.42	 -0.307	  0.889	     -1	  0.465	
  0.295	 -0.109	 -0.223	  0.465	     -1	

posterior probs

  -	0.89	0.71	0.12	0.77	
0.89	  -	0.9	0.21	0.39	
0.71	0.9	  -	  1	0.26	
0.12	0.21	  1	  -	0.93	
0.77	0.39	0.26	0.93	  -	

