entries are in the following order:
dS
omega
body_mass
brain_mass
GI

covariances

  0.462	-0.0501	  -1.44	  -1.15	 -0.117	
-0.0501	 0.0289	  0.213	  0.179	 0.0263	
  -1.44	  0.213	    9.9	   6.58	  0.845	
  -1.15	  0.179	   6.58	   5.44	   0.76	
 -0.117	 0.0263	  0.845	   0.76	  0.158	

correlation coefficients

      1	 -0.341	 -0.697	 -0.754	 -0.462	
 -0.341	      1	  0.349	  0.396	  0.349	
 -0.697	  0.349	      1	  0.895	  0.668	
 -0.754	  0.396	  0.895	      1	  0.814	
 -0.462	  0.349	  0.668	  0.814	      1	

posterior probs

  -	0.27	0.0089	0.0042	0.064	
0.27	  -	0.72	0.73	0.74	
0.0089	0.72	  -	  1	  1	
0.0042	0.73	  1	  -	  1	
0.064	0.74	  1	  1	  -	

precisions

    106	   37.9	  0.935	   18.3	  -19.7	
   37.9	2.17e+03	  -3.23	  -24.8	  -53.3	
  0.935	  -3.23	   1.63	  -1.51	   1.16	
   18.3	  -24.8	  -1.51	   10.8	  -13.8	
  -19.7	  -53.3	   1.16	  -13.8	   80.1	

partial correlation coefficients

     -1	 -0.113	 0.0085	 -0.494	  0.342	
 -0.113	     -1	 0.0337	  0.153	  0.125	
 0.0085	 0.0337	     -1	  0.455	 -0.141	
 -0.494	  0.153	  0.455	     -1	  0.535	
  0.342	  0.125	 -0.141	  0.535	     -1	

posterior probs

  -	0.41	0.51	0.094	0.81	
0.41	  -	0.53	0.64	0.6	
0.51	0.53	  -	0.88	0.32	
0.094	0.64	0.88	  -	0.92	
0.81	0.6	0.32	0.92	  -	

