entries are in the following order:
dS
omega
body_mass
brain_mass
GI

covariances

  0.722	 -0.012	 -0.498	 -0.687	-0.0563	
 -0.012	 0.0159	 0.0839	 0.0737	 0.0128	
 -0.498	 0.0839	     10	   6.75	  0.828	
 -0.687	 0.0737	   6.75	   5.54	  0.749	
-0.0563	 0.0128	  0.828	  0.749	  0.156	

correlation coefficients

      1	-0.0927	 -0.201	  -0.36	 -0.182	
-0.0927	      1	  0.187	  0.222	  0.232	
 -0.201	  0.187	      1	  0.903	  0.655	
  -0.36	  0.222	  0.903	      1	  0.801	
 -0.182	  0.232	  0.655	  0.801	      1	

posterior probs

  -	0.41	0.26	0.12	0.26	
0.41	  -	0.62	0.64	0.66	
0.26	0.62	  -	  1	  1	
0.12	0.64	  1	  -	  1	
0.26	0.66	  1	  1	  -	

precisions

   8.54	  -1.97	  -1.02	    2.9	  -4.74	
  -1.97	2.3e+03	 -0.939	  -13.1	  -50.3	
  -1.02	 -0.939	    1.7	  -2.06	    2.2	
    2.9	  -13.1	  -2.06	   5.82	   -8.8	
  -4.74	  -50.3	    2.2	   -8.8	   54.2	

partial correlation coefficients

     -1	0.00303	  0.315	 -0.428	  0.259	
0.00303	     -1	0.00608	  0.099	  0.142	
  0.315	0.00608	     -1	  0.697	 -0.266	
 -0.428	  0.099	  0.697	     -1	  0.543	
  0.259	  0.142	 -0.266	  0.543	     -1	

posterior probs

  -	0.5	0.82	0.1	0.78	
0.5	  -	0.5	0.59	0.62	
0.82	0.5	  -	0.98	0.18	
0.1	0.59	0.98	  -	0.95	
0.78	0.62	0.18	0.95	  -	

