entries are in the following order:
dS
omega
body_mass
brain_mass
GI

covariances

   2.19	 0.0294	-0.0848	 -0.671	-0.0862	
 0.0294	 0.0845	 -0.346	 -0.281	-0.0404	
-0.0848	 -0.346	   9.44	   6.41	  0.835	
 -0.671	 -0.281	   6.41	    5.3	  0.748	
-0.0862	-0.0404	  0.835	  0.748	  0.155	

correlation coefficients

      1	 0.0692	-0.0247	 -0.204	 -0.153	
 0.0692	      1	 -0.352	 -0.383	 -0.327	
-0.0247	 -0.352	      1	  0.904	  0.685	
 -0.204	 -0.383	  0.904	      1	  0.821	
 -0.153	 -0.327	  0.685	  0.821	      1	

posterior probs

  -	0.58	0.46	0.21	0.26	
0.58	  -	0.28	0.27	0.28	
0.46	0.28	  -	  1	  1	
0.21	0.27	  1	  -	  1	
0.26	0.28	  1	  1	  -	

precisions

   2.01	  -1.39	 -0.521	  0.801	  -1.02	
  -1.39	1.67e+03	   5.23	   21.4	   23.5	
 -0.521	   5.23	   1.92	  -1.71	   1.62	
  0.801	   21.4	  -1.71	   6.47	  -6.45	
  -1.02	   23.5	   1.62	  -6.45	     50	

partial correlation coefficients

     -1	 0.0253	  0.318	 -0.302	   0.12	
 0.0253	     -1	-0.0767	 -0.225	-0.0713	
  0.318	-0.0767	     -1	  0.622	 -0.205	
 -0.302	 -0.225	  0.622	     -1	  0.463	
   0.12	-0.0713	 -0.205	  0.463	     -1	

posterior probs

  -	0.52	0.83	0.19	0.66	
0.52	  -	0.44	0.32	0.44	
0.83	0.44	  -	0.94	0.23	
0.19	0.32	0.94	  -	0.91	
0.66	0.44	0.23	0.91	  -	

