entries are in the following order:
dS
omega
body_mass
brain_mass
GI

covariances

   2.77	  -0.12	 0.0972	  -0.57	-0.0679	
  -0.12	   0.78	  -1.46	  -0.85	-0.0865	
 0.0972	  -1.46	   10.3	   7.14	  0.844	
  -0.57	  -0.85	   7.14	    5.9	  0.787	
-0.0679	-0.0865	  0.844	  0.787	  0.157	

correlation coefficients

      1	-0.0866	  0.012	 -0.149	 -0.104	
-0.0866	      1	 -0.589	 -0.476	 -0.327	
  0.012	 -0.589	      1	  0.915	   0.66	
 -0.149	 -0.476	  0.915	      1	  0.814	
 -0.104	 -0.327	   0.66	  0.814	      1	

posterior probs

  -	0.4	0.52	0.28	0.34	
0.4	  -	0.069	0.12	0.19	
0.52	0.069	  -	  1	  1	
0.28	0.12	  1	  -	  1	
0.34	0.19	  1	  1	  -	

precisions

   1.14	  0.887	  -0.45	  0.942	  -1.41	
  0.887	    292	   9.94	   2.38	   12.3	
  -0.45	   9.94	   3.27	  -2.87	   2.98	
  0.942	   2.38	  -2.87	   5.36	  -8.43	
  -1.41	   12.3	   2.98	  -8.43	   42.2	

partial correlation coefficients

     -1	-0.0103	  0.305	 -0.384	  0.199	
-0.0103	     -1	  -0.52	  0.173	 -0.062	
  0.305	  -0.52	     -1	  0.767	 -0.314	
 -0.384	  0.173	  0.767	     -1	  0.611	
  0.199	 -0.062	 -0.314	  0.611	     -1	

posterior probs

  -	0.5	0.82	0.1	0.76	
0.5	  -	0.08	0.69	0.44	
0.82	0.08	  -	0.97	0.15	
0.1	0.69	0.97	  -	0.98	
0.76	0.44	0.15	0.98	  -	

