entries are in the following order:
dS
omega
body_mass
brain_mass
GI

covariances

  0.749	 0.0146	 -0.999	  -1.09	 -0.152	
 0.0146	 0.0817	  -0.15	 -0.121	-0.0211	
 -0.999	  -0.15	   8.89	   6.12	  0.821	
  -1.09	 -0.121	   6.12	   5.13	  0.739	
 -0.152	-0.0211	  0.821	  0.739	  0.154	

correlation coefficients

      1	  0.065	 -0.388	 -0.561	 -0.451	
  0.065	      1	 -0.158	 -0.171	 -0.167	
 -0.388	 -0.158	      1	  0.904	  0.695	
 -0.561	 -0.171	  0.904	      1	  0.827	
 -0.451	 -0.167	  0.695	  0.827	      1	

posterior probs

  -	0.57	0.063	0.01	0.027	
0.57	  -	0.4	0.4	0.39	
0.063	0.4	  -	  1	  1	
0.01	0.4	  1	  -	  1	
0.027	0.39	  1	  1	  -	

precisions

   9.94	   1.85	  -1.07	   2.89	  -1.95	
   1.85	1.82e+03	      3	   7.83	     25	
  -1.07	      3	   2.12	  -2.01	   1.74	
   2.89	   7.83	  -2.01	    6.9	  -7.22	
  -1.95	     25	   1.74	  -7.22	   57.2	

partial correlation coefficients

     -1	-0.0313	  0.281	 -0.392	  0.102	
-0.0313	     -1	-0.0425	-0.0745	-0.0911	
  0.281	-0.0425	     -1	  0.636	 -0.194	
 -0.392	-0.0745	  0.636	     -1	  0.456	
  0.102	-0.0911	 -0.194	  0.456	     -1	

posterior probs

  -	0.48	0.79	0.13	0.62	
0.48	  -	0.47	0.44	0.43	
0.79	0.47	  -	0.96	0.24	
0.13	0.44	0.96	  -	0.92	
0.62	0.43	0.24	0.92	  -	

