entries are in the following order:
dS
omega
body_mass
brain_mass
GI

covariances

   1.78	  0.051	 -0.924	  -1.12	 -0.206	
  0.051	  0.182	  0.204	 0.0992	0.00533	
 -0.924	  0.204	    8.6	   5.73	  0.767	
  -1.12	 0.0992	   5.73	   4.67	  0.657	
 -0.206	0.00533	  0.767	  0.657	  0.141	

correlation coefficients

      1	  0.132	 -0.254	 -0.405	 -0.428	
  0.132	      1	   0.15	  0.101	 0.0336	
 -0.254	   0.15	      1	  0.901	   0.69	
 -0.405	  0.101	  0.901	      1	  0.805	
 -0.428	 0.0336	   0.69	  0.805	      1	

posterior probs

  -	0.61	0.15	0.042	0.032	
0.61	  -	0.63	0.59	0.54	
0.15	0.63	  -	  1	  1	
0.042	0.59	  1	  -	  1	
0.032	0.54	  1	  1	  -	

precisions

   4.69	  -12.6	-0.0392	   1.24	   1.08	
  -12.6	1.91e+03	  -4.51	  -3.08	   6.87	
-0.0392	  -4.51	   1.41	  -1.38	  0.236	
   1.24	  -3.08	  -1.38	   3.71	  -4.83	
   1.08	   6.87	  0.236	  -4.83	   40.9	

partial correlation coefficients

     -1	  0.251	  0.139	  -0.26	 -0.101	
  0.251	     -1	  0.128	 0.0634	-0.0426	
  0.139	  0.128	     -1	  0.659	-0.0489	
  -0.26	 0.0634	  0.659	     -1	  0.423	
 -0.101	-0.0426	-0.0489	  0.423	     -1	

posterior probs

  -	0.68	0.68	0.2	0.36	
0.68	  -	0.62	0.56	0.46	
0.68	0.62	  -	0.97	0.41	
0.2	0.56	0.97	  -	0.94	
0.36	0.46	0.41	0.94	  -	

