entries are in the following order:
dS
omega
body_mass
brain_mass
GI

covariances

    1.2	-0.0506	 -0.831	  -1.08	 -0.221	
-0.0506	 0.0244	  0.193	  0.166	 0.0267	
 -0.831	  0.193	   10.2	   6.83	  0.826	
  -1.08	  0.166	   6.83	   5.54	  0.741	
 -0.221	 0.0267	  0.826	  0.741	  0.153	

correlation coefficients

      1	 -0.273	 -0.238	 -0.422	 -0.521	
 -0.273	      1	  0.351	  0.413	  0.405	
 -0.238	  0.351	      1	  0.907	  0.655	
 -0.422	  0.413	  0.907	      1	    0.8	
 -0.521	  0.405	  0.655	    0.8	      1	

posterior probs

  -	0.25	0.17	0.04	0.012	
0.25	  -	0.73	0.75	0.77	
0.17	0.73	  -	  1	  1	
0.04	0.75	  1	  -	  1	
0.012	0.77	  1	  1	  -	

precisions

   3.99	   9.48	 -0.585	  0.796	   2.12	
   9.48	2.02e+03	  -3.51	  -20.1	  -63.7	
 -0.585	  -3.51	   1.52	  -1.56	  0.584	
  0.796	  -20.1	  -1.56	   4.53	  -4.18	
   2.12	  -63.7	  0.584	  -4.18	   51.4	

partial correlation coefficients

     -1	 -0.102	  0.257	 -0.212	 -0.179	
 -0.102	     -1	 0.0338	  0.198	  0.187	
  0.257	 0.0338	     -1	  0.671	 -0.102	
 -0.212	  0.198	  0.671	     -1	  0.353	
 -0.179	  0.187	 -0.102	  0.353	     -1	

posterior probs

  -	0.42	0.78	0.26	0.28	
0.42	  -	0.53	0.67	0.65	
0.78	0.53	  -	0.97	0.34	
0.26	0.67	0.97	  -	0.87	
0.28	0.65	0.34	0.87	  -	

