entries are in the following order:
dS
omega
body_mass
brain_mass
GI

covariances

      1	0.00505	 -0.997	  -1.05	 -0.199	
0.00505	 0.0772	 -0.311	 -0.204	-0.0271	
 -0.997	 -0.311	    9.7	   6.53	  0.845	
  -1.05	 -0.204	   6.53	   5.31	  0.742	
 -0.199	-0.0271	  0.845	  0.742	  0.154	

correlation coefficients

      1	 0.0934	  -0.33	 -0.467	 -0.521	
 0.0934	      1	 -0.386	 -0.361	 -0.293	
  -0.33	 -0.386	      1	  0.908	  0.687	
 -0.467	 -0.361	  0.908	      1	  0.818	
 -0.521	 -0.293	  0.687	  0.818	      1	

posterior probs

  -	0.6	0.11	0.034	0.015	
0.6	  -	0.25	0.26	0.28	
0.11	0.25	  -	  1	  1	
0.034	0.26	  1	  -	  1	
0.015	0.28	  1	  1	  -	

precisions

   6.12	-0.0741	 -0.344	  0.895	   2.67	
-0.0741	1.63e+03	   11.6	   8.33	   21.2	
 -0.344	   11.6	    1.8	  -1.49	  0.773	
  0.895	   8.33	  -1.49	    4.1	  -5.11	
   2.67	   21.2	  0.773	  -5.11	   44.9	

partial correlation coefficients

     -1	 -0.027	  0.146	 -0.191	 -0.186	
 -0.027	     -1	 -0.247	-0.0565	 -0.066	
  0.146	 -0.247	     -1	  0.648	 -0.122	
 -0.191	-0.0565	  0.648	     -1	  0.435	
 -0.186	 -0.066	 -0.122	  0.435	     -1	

posterior probs

  -	0.48	0.67	0.27	0.26	
0.48	  -	0.29	0.46	0.45	
0.67	0.29	  -	0.96	0.31	
0.27	0.46	0.96	  -	0.93	
0.26	0.45	0.31	0.93	  -	

