entries are in the following order:
dS
omega
body_mass
brain_mass
GI

covariances

  0.416	-0.00977	  -1.09	  -1.08	 -0.154	
-0.00977	 0.0202	 0.0858	 0.0559	0.00866	
  -1.09	 0.0858	   9.81	   6.47	  0.858	
  -1.08	 0.0559	   6.47	   5.35	  0.751	
 -0.154	0.00866	  0.858	  0.751	  0.159	

correlation coefficients

      1	-0.0742	 -0.564	 -0.753	 -0.624	
-0.0742	      1	   0.17	  0.152	  0.138	
 -0.564	   0.17	      1	   0.89	   0.68	
 -0.753	  0.152	   0.89	      1	  0.809	
 -0.624	  0.138	   0.68	  0.809	      1	

posterior probs

  -	0.44	0.024	0.0021	0.0068	
0.44	  -	0.61	0.59	0.6	
0.024	0.61	  -	  1	  1	
0.0021	0.59	  1	  -	  1	
0.0068	0.6	  1	  1	  -	

precisions

   78.3	  -19.7	  -2.23	   15.4	   1.09	
  -19.7	2.22e+03	  -7.28	  -6.88	  -20.8	
  -2.23	  -7.28	   1.91	  -2.39	  0.991	
   15.4	  -6.88	  -2.39	   8.89	  -6.26	
   1.09	  -20.8	  0.991	  -6.26	   46.5	

partial correlation coefficients

     -1	  0.062	  0.272	 -0.532	  0.021	
  0.062	     -1	   0.11	 0.0442	 0.0632	
  0.272	   0.11	     -1	  0.619	  -0.12	
 -0.532	 0.0442	  0.619	     -1	  0.368	
  0.021	 0.0632	  -0.12	  0.368	     -1	

posterior probs

  -	0.55	0.76	0.071	0.53	
0.55	  -	0.59	0.54	0.55	
0.76	0.59	  -	0.95	0.34	
0.071	0.54	0.95	  -	0.86	
0.53	0.55	0.34	0.86	  -	

