entries are in the following order:
dS
omega
body_mass
brain_mass
GI

covariances

  0.203	-0.0281	  -1.01	 -0.784	 -0.113	
-0.0281	 0.0558	  0.145	  0.109	 0.0168	
  -1.01	  0.145	   7.47	    5.2	   0.75	
 -0.784	  0.109	    5.2	   4.37	  0.664	
 -0.113	 0.0168	   0.75	  0.664	   0.14	

correlation coefficients

      1	 -0.167	 -0.875	 -0.893	 -0.725	
 -0.167	      1	   0.17	  0.165	  0.145	
 -0.875	   0.17	      1	  0.908	  0.727	
 -0.893	  0.165	  0.908	      1	  0.845	
 -0.725	  0.145	  0.727	  0.845	      1	

posterior probs

  -	0.4	0.0031	0.0029	0.012	
0.4	  -	0.6	0.59	0.59	
0.0031	0.6	  -	  1	  1	
0.0029	0.59	  1	  -	  1	
0.012	0.59	  1	  1	  -	

precisions

    745	   42.6	   26.2	   57.2	   14.9	
   42.6	2.15e+03	  -9.55	  -7.05	    -20	
   26.2	  -9.55	   6.49	 -0.879	  0.266	
   57.2	  -7.05	 -0.879	   17.7	  -9.69	
   14.9	    -20	  0.266	  -9.69	   98.8	

partial correlation coefficients

     -1	-0.0395	 -0.311	 -0.455	 0.0273	
-0.0395	     -1	 0.0738	 0.0218	  0.037	
 -0.311	 0.0738	     -1	   0.21	-0.0639	
 -0.455	 0.0218	   0.21	     -1	  0.338	
 0.0273	  0.037	-0.0639	  0.338	     -1	

posterior probs

  -	0.47	0.26	0.15	0.53	
0.47	  -	0.56	0.52	0.53	
0.26	0.56	  -	0.7	0.42	
0.15	0.52	0.7	  -	0.8	
0.53	0.53	0.42	0.8	  -	

