entries are in the following order:
dS
omega
body_mass
brain_mass
GI

covariances

  0.652	 -0.239	  -1.92	  -1.62	 -0.211	
 -0.239	  0.138	  0.904	  0.725	  0.095	
  -1.92	  0.904	   10.3	   7.05	  0.902	
  -1.62	  0.725	   7.05	    5.8	  0.797	
 -0.211	  0.095	  0.902	  0.797	  0.159	

correlation coefficients

      1	 -0.815	 -0.744	 -0.845	 -0.663	
 -0.815	      1	  0.812	  0.874	    0.7	
 -0.744	  0.812	      1	  0.908	  0.696	
 -0.845	  0.874	  0.908	      1	  0.824	
 -0.663	    0.7	  0.696	  0.824	      1	

posterior probs

  -	0.017	0.0028	0.00034	0.0036	
0.017	  -	0.98	0.98	0.98	
0.0028	0.98	  -	  1	  1	
0.00034	0.98	  1	  -	  1	
0.0036	0.98	  1	  1	  -	

precisions

    121	    103	 -0.734	   22.4	  -6.11	
    103	1.07e+03	  -10.5	    -59	  -14.4	
 -0.734	  -10.5	    2.1	  -1.64	   1.49	
   22.4	    -59	  -1.64	   18.7	  -11.2	
  -6.11	  -14.4	   1.49	  -11.2	   56.9	

partial correlation coefficients

     -1	  -0.32	  0.147	 -0.348	   0.12	
  -0.32	     -1	  0.176	  0.415	0.00318	
  0.147	  0.176	     -1	    0.4	 -0.171	
 -0.348	  0.415	    0.4	     -1	  0.418	
   0.12	0.00318	 -0.171	  0.418	     -1	

posterior probs

  -	0.25	0.65	0.2	0.62	
0.25	  -	0.64	0.84	0.5	
0.65	0.64	  -	0.83	0.27	
0.2	0.84	0.83	  -	0.86	
0.62	0.5	0.27	0.86	  -	

