entries are in the following order:
dS
omega
body_mass
brain_mass
GI

covariances

  0.622	 -0.168	  -1.38	  -1.29	 -0.175	
 -0.168	   1.95	  -1.37	 -0.404	-0.0546	
  -1.38	  -1.37	   9.83	    6.4	  0.846	
  -1.29	 -0.404	    6.4	   5.17	  0.739	
 -0.175	-0.0546	  0.846	  0.739	  0.158	

correlation coefficients

      1	 -0.135	 -0.581	 -0.745	 -0.578	
 -0.135	      1	 -0.294	 -0.114	-0.0867	
 -0.581	 -0.294	      1	  0.895	  0.672	
 -0.745	 -0.114	  0.895	      1	  0.813	
 -0.578	-0.0867	  0.672	  0.813	      1	

posterior probs

  -	0.34	0.022	0.0022	0.012	
0.34	  -	0.19	0.35	0.39	
0.022	0.19	  -	  1	  1	
0.0022	0.35	  1	  -	  1	
0.012	0.39	  1	  1	  -	

precisions

   41.3	   2.81	 -0.802	   12.7	  -4.16	
   2.81	   8.09	   1.35	 -0.737	  0.671	
 -0.802	   1.35	   2.05	  -2.89	   2.05	
   12.7	 -0.737	  -2.89	   8.48	   -8.7	
  -4.16	  0.671	   2.05	   -8.7	   35.2	

partial correlation coefficients

     -1	 -0.219	  0.171	 -0.584	  0.158	
 -0.219	     -1	 -0.393	  0.147	-0.0594	
  0.171	 -0.393	     -1	  0.732	 -0.245	
 -0.584	  0.147	  0.732	     -1	  0.551	
  0.158	-0.0594	 -0.245	  0.551	     -1	

posterior probs

  -	0.28	0.68	0.027	0.68	
0.28	  -	0.13	0.66	0.42	
0.68	0.13	  -	0.98	0.17	
0.027	0.66	0.98	  -	0.96	
0.68	0.42	0.17	0.96	  -	

