entries are in the following order:
dS
omega
body_mass
brain_mass
GI

covariances

  0.629	  -0.17	 -0.582	 -0.749	-0.0483	
  -0.17	   0.55	 -0.193	  0.202	  0.032	
 -0.582	 -0.193	   10.7	   6.88	  0.889	
 -0.749	  0.202	   6.88	   5.85	  0.811	
-0.0483	  0.032	  0.889	  0.811	  0.175	

correlation coefficients

      1	 -0.299	 -0.235	 -0.401	 -0.146	
 -0.299	      1	-0.0851	  0.113	  0.101	
 -0.235	-0.0851	      1	  0.868	  0.644	
 -0.401	  0.113	  0.868	      1	  0.797	
 -0.146	  0.101	  0.644	  0.797	      1	

posterior probs

  -	0.18	0.2	0.063	0.28	
0.18	  -	0.39	0.65	0.65	
0.2	0.39	  -	  1	  1	
0.063	0.65	  1	  -	  1	
0.28	0.65	  1	  1	  -	

precisions

   7.08	   1.83	 -0.653	   2.69	  -7.57	
   1.83	   7.46	   1.16	  -1.26	 -0.512	
 -0.653	   1.16	   1.05	  -1.61	   1.75	
   2.69	  -1.26	  -1.61	   3.66	  -7.78	
  -7.57	 -0.512	   1.75	  -7.78	   33.2	

partial correlation coefficients

     -1	 -0.168	  0.242	 -0.497	  0.429	
 -0.168	     -1	 -0.342	  0.215	 0.0275	
  0.242	 -0.342	     -1	  0.788	 -0.258	
 -0.497	  0.215	  0.788	     -1	   0.68	
  0.429	 0.0275	 -0.258	   0.68	     -1	

posterior probs

  -	0.31	0.76	0.053	0.93	
0.31	  -	0.16	0.74	0.54	
0.76	0.16	  -	  1	0.17	
0.053	0.74	  1	  -	  1	
0.93	0.54	0.17	  1	  -	

