entries are in the following order:
dS
omega
body_mass
brain_mass
GI

covariances

  0.132	   0.05	 -0.964	 -0.779	-0.0972	
   0.05	 0.0769	 -0.488	 -0.418	-0.0565	
 -0.964	 -0.488	     13	    8.5	  0.924	
 -0.779	 -0.418	    8.5	    6.8	  0.829	
-0.0972	-0.0565	  0.924	  0.829	  0.169	

correlation coefficients

      1	  0.585	 -0.803	 -0.902	 -0.728	
  0.585	      1	 -0.505	 -0.595	 -0.513	
 -0.803	 -0.505	      1	  0.902	  0.617	
 -0.902	 -0.595	  0.902	      1	  0.768	
 -0.728	 -0.513	  0.617	  0.768	      1	

posterior probs

  -	0.84	0.0077	0.0026	0.0026	
0.84	  -	0.19	0.16	0.14	
0.0077	0.19	  -	  1	  1	
0.0026	0.16	  1	  -	  1	
0.0026	0.14	  1	  1	  -	

precisions

  1e+03	   -230	    5.2	   60.7	   35.6	
   -230	1.71e+03	  0.548	   39.1	   42.1	
    5.2	  0.548	   1.89	  -1.59	  0.923	
   60.7	   39.1	  -1.59	   14.3	  -3.98	
   35.6	   42.1	  0.923	  -3.98	   62.7	

partial correlation coefficients

     -1	  0.206	-0.0435	 -0.508	-0.0772	
  0.206	     -1	 0.0395	 -0.258	 -0.104	
-0.0435	 0.0395	     -1	  0.384	 -0.143	
 -0.508	 -0.258	  0.384	     -1	  0.208	
-0.0772	 -0.104	 -0.143	  0.208	     -1	

posterior probs

  -	0.68	0.47	0.11	0.44	
0.68	  -	0.53	0.28	0.42	
0.47	0.53	  -	0.81	0.32	
0.11	0.28	0.81	  -	0.7	
0.44	0.42	0.32	0.7	  -	

