entries are in the following order:
dS
omega
body_mass
brain_mass
GI

covariances

  0.826	 -0.323	  -2.23	  -1.74	 -0.221	
 -0.323	  0.299	   1.01	  0.873	  0.132	
  -2.23	   1.01	   10.2	   6.82	  0.931	
  -1.74	  0.873	   6.82	   5.52	  0.803	
 -0.221	  0.132	  0.931	  0.803	  0.167	

correlation coefficients

      1	 -0.712	  -0.77	 -0.817	  -0.59	
 -0.712	      1	  0.677	  0.775	  0.671	
  -0.77	  0.677	      1	  0.905	  0.704	
 -0.817	  0.775	  0.905	      1	   0.83	
  -0.59	  0.671	  0.704	   0.83	      1	

posterior probs

  -	0.042	0.00098	0.00017	0.0075	
0.042	  -	0.94	0.96	0.96	
0.00098	0.94	  -	  1	  1	
0.00017	0.96	  1	  -	  1	
0.0075	0.96	  1	  1	  -	

precisions

   62.1	   55.3	   1.22	     12	  -13.1	
   55.3	    743	  -2.48	    -39	  -38.9	
   1.22	  -2.48	   1.67	  -1.47	  0.788	
     12	    -39	  -1.47	   14.1	   -9.2	
  -13.1	  -38.9	  0.788	   -9.2	   60.3	

partial correlation coefficients

     -1	   -0.3	-0.0882	 -0.306	  0.276	
   -0.3	     -1	 -0.056	  0.388	  0.169	
-0.0882	 -0.056	     -1	  0.458	  -0.11	
 -0.306	  0.388	  0.458	     -1	  0.436	
  0.276	  0.169	  -0.11	  0.436	     -1	

posterior probs

  -	0.26	0.41	0.21	0.78	
0.26	  -	0.44	0.82	0.64	
0.41	0.44	  -	0.88	0.34	
0.21	0.82	0.88	  -	0.88	
0.78	0.64	0.34	0.88	  -	

