entries are in the following order:
dS
omega
body_mass
brain_mass
GI

covariances

   1.07	-0.0349	 -0.927	 -0.968	 -0.124	
-0.0349	 0.0283	  0.239	  0.191	 0.0304	
 -0.927	  0.239	   8.79	   5.99	   0.79	
 -0.968	  0.191	   5.99	   5.09	  0.729	
 -0.124	 0.0304	   0.79	  0.729	  0.153	

correlation coefficients

      1	 -0.186	 -0.313	 -0.426	 -0.312	
 -0.186	      1	  0.479	  0.506	  0.465	
 -0.313	  0.479	      1	  0.894	  0.674	
 -0.426	  0.506	  0.894	      1	   0.82	
 -0.312	  0.465	  0.674	   0.82	      1	

posterior probs

  -	0.31	0.12	0.058	0.12	
0.31	  -	0.81	0.82	0.82	
0.12	0.81	  -	  1	  1	
0.058	0.82	  1	  -	  1	
0.12	0.82	  1	  1	  -	

precisions

   4.02	  -4.22	 -0.295	   1.27	 -0.913	
  -4.22	1.83e+03	  -10.3	  -20.1	  -63.4	
 -0.295	  -10.3	   1.53	  -1.41	   1.53	
   1.27	  -20.1	  -1.41	   4.62	  -6.09	
 -0.913	  -63.4	   1.53	  -6.09	   51.2	

partial correlation coefficients

     -1	 0.0578	  0.146	 -0.291	 0.0906	
 0.0578	     -1	  0.169	  0.192	  0.193	
  0.146	  0.169	     -1	  0.616	 -0.207	
 -0.291	  0.192	  0.616	     -1	  0.481	
 0.0906	  0.193	 -0.207	  0.481	     -1	

posterior probs

  -	0.54	0.67	0.19	0.62	
0.54	  -	0.64	0.67	0.66	
0.67	0.64	  -	0.95	0.22	
0.19	0.67	0.95	  -	0.92	
0.62	0.66	0.22	0.92	  -	

