entries are in the following order:
dS
omega
body_mass
brain_mass
GI

covariances

   1.55	-0.0779	  -2.54	  -2.14	 -0.272	
-0.0779	 0.0322	  0.193	  0.166	 0.0258	
  -2.54	  0.193	   10.2	   7.07	  0.914	
  -2.14	  0.166	   7.07	   5.94	  0.829	
 -0.272	 0.0258	  0.914	  0.829	  0.165	

correlation coefficients

      1	 -0.325	 -0.648	 -0.716	 -0.546	
 -0.325	      1	   0.35	  0.388	  0.359	
 -0.648	   0.35	      1	  0.907	  0.699	
 -0.716	  0.388	  0.907	      1	  0.833	
 -0.546	  0.359	  0.699	  0.833	      1	

posterior probs

  -	0.27	0.0023	0.00066	0.0076	
0.27	  -	0.72	0.73	0.74	
0.0023	0.72	  -	  1	  1	
0.00066	0.73	  1	  -	  1	
0.0076	0.74	  1	  1	  -	

precisions

   5.28	   8.32	-0.0633	   1.46	  -2.03	
   8.32	1.92e+03	  -4.35	  -17.4	  -44.1	
-0.0633	  -4.35	   1.32	  -1.33	   1.17	
   1.46	  -17.4	  -1.33	   4.76	  -6.72	
  -2.03	  -44.1	   1.17	  -6.72	   50.1	

partial correlation coefficients

     -1	 -0.091	 0.0378	 -0.312	  0.137	
 -0.091	     -1	 0.0534	   0.16	  0.137	
 0.0378	 0.0534	     -1	  0.601	 -0.179	
 -0.312	   0.16	  0.601	     -1	  0.504	
  0.137	  0.137	 -0.179	  0.504	     -1	

posterior probs

  -	0.43	0.55	0.17	0.67	
0.43	  -	0.54	0.64	0.61	
0.55	0.54	  -	0.96	0.25	
0.17	0.64	0.96	  -	0.94	
0.67	0.61	0.25	0.94	  -	

