entries are in the following order:
dS
omega
body_mass
brain_mass
GI

covariances

  0.553	 0.0162	  0.132	 -0.324	-0.0987	
 0.0162	  0.148	  0.266	  0.174	 0.0266	
  0.132	  0.266	   8.18	   5.58	  0.736	
 -0.324	  0.174	   5.58	   4.73	  0.691	
-0.0987	 0.0266	  0.736	  0.691	  0.149	

correlation coefficients

      1	 0.0547	 0.0665	 -0.204	 -0.354	
 0.0547	      1	  0.234	  0.212	  0.185	
 0.0665	  0.234	      1	  0.894	  0.661	
 -0.204	  0.212	  0.894	      1	   0.82	
 -0.354	  0.185	  0.661	   0.82	      1	

posterior probs

  -	0.54	0.58	0.26	0.12	
0.54	  -	0.64	0.63	0.63	
0.58	0.64	  -	  1	  1	
0.26	0.63	  1	  -	  1	
0.12	0.63	  1	  1	  -	

precisions

    129	  -16.2	  -4.39	   5.81	   12.4	
  -16.2	1.69e+03	  -8.97	  -5.97	  -32.9	
  -4.39	  -8.97	   4.18	  -3.26	-0.0859	
   5.81	  -5.97	  -3.26	   7.97	  -5.18	
   12.4	  -32.9	-0.0859	  -5.18	     69	

partial correlation coefficients

     -1	  0.109	  0.417	 -0.329	 -0.196	
  0.109	     -1	  0.117	 0.0391	  0.127	
  0.417	  0.117	     -1	  0.638	-0.0411	
 -0.329	 0.0391	  0.638	     -1	  0.334	
 -0.196	  0.127	-0.0411	  0.334	     -1	

posterior probs

  -	0.59	0.86	0.19	0.29	
0.59	  -	0.59	0.53	0.6	
0.86	0.59	  -	0.95	0.44	
0.19	0.53	0.95	  -	0.84	
0.29	0.6	0.44	0.84	  -	

