entries are in the following order:
dS
omega
body_mass
brain_mass
GI

covariances

  0.716	 0.0278	  -1.43	  -1.33	 -0.184	
 0.0278	  0.036	  -0.13	 -0.106	-0.0156	
  -1.43	  -0.13	   9.19	   6.15	  0.777	
  -1.33	 -0.106	   6.15	   4.99	  0.691	
 -0.184	-0.0156	  0.777	  0.691	  0.146	

correlation coefficients

      1	  0.138	 -0.568	 -0.721	 -0.582	
  0.138	      1	 -0.171	  -0.19	 -0.167	
 -0.568	 -0.171	      1	  0.906	  0.665	
 -0.721	  -0.19	  0.906	      1	  0.806	
 -0.582	 -0.167	  0.665	  0.806	      1	

posterior probs

  -	0.6	0.025	0.0046	0.012	
0.6	  -	0.39	0.39	0.39	
0.025	0.39	  -	  1	  1	
0.0046	0.39	  1	  -	  1	
0.012	0.39	  1	  1	  -	

precisions

   46.8	  -11.8	  -1.39	   13.2	  -1.78	
  -11.8	2.12e+03	    2.5	   14.3	   18.9	
  -1.39	    2.5	   2.14	  -2.41	   1.69	
   13.2	   14.3	  -2.41	   11.5	  -7.69	
  -1.78	   18.9	   1.69	  -7.69	   53.7	

partial correlation coefficients

     -1	 0.0268	  0.238	 -0.475	 0.0771	
 0.0268	     -1	-0.0251	 -0.091	-0.0526	
  0.238	-0.0251	     -1	   0.61	 -0.194	
 -0.475	 -0.091	   0.61	     -1	  0.414	
 0.0771	-0.0526	 -0.194	  0.414	     -1	

posterior probs

  -	0.52	0.74	0.093	0.59	
0.52	  -	0.48	0.42	0.46	
0.74	0.48	  -	0.94	0.25	
0.093	0.42	0.94	  -	0.89	
0.59	0.46	0.25	0.89	  -	

