entries are in the following order:
dS
omega
body_mass
brain_mass
GI

covariances

  0.432	 0.0538	  -1.06	  -1.05	 -0.143	
 0.0538	 0.0615	  -0.52	 -0.378	-0.0496	
  -1.06	  -0.52	   10.4	   6.95	  0.869	
  -1.05	 -0.378	   6.95	    5.5	  0.761	
 -0.143	-0.0496	  0.869	  0.761	  0.158	

correlation coefficients

      1	  0.411	 -0.521	 -0.708	 -0.571	
  0.411	      1	 -0.661	 -0.667	 -0.523	
 -0.521	 -0.661	      1	  0.919	  0.672	
 -0.708	 -0.667	  0.919	      1	  0.811	
 -0.571	 -0.523	  0.672	  0.811	      1	

posterior probs

  -	0.81	0.049	0.0059	0.015	
0.81	  -	0.11	0.11	0.13	
0.049	0.11	  -	  1	  1	
0.0059	0.11	  1	  -	  1	
0.015	0.13	  1	  1	  -	

precisions

    110	  -37.4	   -4.7	   22.3	  -6.99	
  -37.4	1.84e+03	   24.4	     46	   22.8	
   -4.7	   24.4	   4.39	   -4.4	   3.21	
   22.3	     46	   -4.4	   16.8	    -12	
  -6.99	   22.8	   3.21	    -12	   58.5	

partial correlation coefficients

     -1	 0.0354	  0.383	 -0.577	  0.182	
 0.0354	     -1	 -0.259	 -0.249	-0.0325	
  0.383	 -0.259	     -1	  0.592	 -0.258	
 -0.577	 -0.249	  0.592	     -1	  0.446	
  0.182	-0.0325	 -0.258	  0.446	     -1	

posterior probs

  -	0.53	0.83	0.057	0.69	
0.53	  -	0.29	0.28	0.48	
0.83	0.29	  -	0.93	0.22	
0.057	0.28	0.93	  -	0.89	
0.69	0.48	0.22	0.89	  -	

