entries are in the following order:
dS
omega
body_mass
brain_mass
GI

covariances

   1.67	0.00789	  0.633	-0.0513	-0.0573	
0.00789	 0.0357	  0.257	  0.194	 0.0274	
  0.633	  0.257	   8.59	   5.83	  0.747	
-0.0513	  0.194	   5.83	   4.79	  0.671	
-0.0573	 0.0274	  0.747	  0.671	  0.139	

correlation coefficients

      1	 0.0188	  0.158	-0.0277	 -0.128	
 0.0188	      1	  0.432	  0.441	  0.372	
  0.158	  0.432	      1	  0.907	  0.679	
-0.0277	  0.441	  0.907	      1	  0.818	
 -0.128	  0.372	  0.679	  0.818	      1	

posterior probs

  -	0.52	0.76	0.45	0.28	
0.52	  -	0.77	0.77	0.76	
0.76	0.77	  -	  1	  1	
0.45	0.77	  1	  -	  1	
0.28	0.76	  1	  1	  -	

precisions

   2.03	 -0.763	 -0.489	  0.635	  0.501	
 -0.763	1.91e+03	    -12	  -19.1	  -34.3	
 -0.489	    -12	    2.1	  -1.64	   1.26	
  0.635	  -19.1	  -1.64	   5.13	     -6	
  0.501	  -34.3	   1.26	     -6	   50.3	

partial correlation coefficients

     -1	 0.0211	  0.306	 -0.225	-0.0553	
 0.0211	     -1	  0.182	  0.179	 0.0915	
  0.306	  0.182	     -1	  0.618	 -0.154	
 -0.225	  0.179	  0.618	     -1	  0.451	
-0.0553	 0.0915	 -0.154	  0.451	     -1	

posterior probs

  -	0.52	0.84	0.22	0.42	
0.52	  -	0.65	0.65	0.57	
0.84	0.65	  -	0.95	0.28	
0.22	0.65	0.95	  -	0.92	
0.42	0.57	0.28	0.92	  -	

