entries are in the following order:
dS
omega
body_mass
brain_mass
GI

covariances

  0.547	 0.0016	 -0.764	 -0.923	 -0.141	
 0.0016	 0.0397	-0.0387	-0.0334	-0.00512	
 -0.764	-0.0387	   9.08	   6.28	   0.87	
 -0.923	-0.0334	   6.28	   5.35	  0.783	
 -0.141	-0.00512	   0.87	  0.783	  0.161	

correlation coefficients

      1	  0.029	 -0.426	 -0.625	 -0.547	
  0.029	      1	 -0.062	-0.0725	-0.0651	
 -0.426	 -0.062	      1	  0.898	  0.713	
 -0.625	-0.0725	  0.898	      1	   0.84	
 -0.547	-0.0651	  0.713	   0.84	      1	

posterior probs

  -	0.53	0.13	0.037	0.047	
0.53	  -	0.46	0.46	0.46	
0.13	0.46	  -	  1	  1	
0.037	0.46	  1	  -	  1	
0.047	0.46	  1	  1	  -	

precisions

    147	  -4.11	  -2.34	   17.3	    8.2	
  -4.11	2.09e+03	   1.52	   3.82	   7.16	
  -2.34	   1.52	   2.89	  -3.15	   1.33	
   17.3	   3.82	  -3.15	   11.2	  -7.26	
    8.2	   7.16	   1.33	  -7.26	   62.8	

partial correlation coefficients

     -1	 0.0251	  0.314	 -0.491	 0.0197	
 0.0251	     -1	-0.0088	-0.0355	 -0.018	
  0.314	-0.0088	     -1	  0.602	 -0.124	
 -0.491	-0.0355	  0.602	     -1	  0.369	
 0.0197	 -0.018	 -0.124	  0.369	     -1	

posterior probs

  -	0.52	0.78	0.1	0.53	
0.52	  -	0.49	0.47	0.48	
0.78	0.49	  -	0.93	0.34	
0.1	0.47	0.93	  -	0.85	
0.53	0.48	0.34	0.85	  -	

