entries are in the following order:
dS
omega
body_mass
brain_mass
GI

covariances

      1	 -0.733	  -1.12	  -0.86	 -0.134	
 -0.733	   1.75	    0.1	 -0.224	-0.0244	
  -1.12	    0.1	   9.17	   5.98	  0.752	
  -0.86	 -0.224	   5.98	   4.88	  0.673	
 -0.134	-0.0244	  0.752	  0.673	  0.146	

correlation coefficients

      1	 -0.587	 -0.362	 -0.387	 -0.354	
 -0.587	      1	 0.0308	-0.0635	-0.0333	
 -0.362	 0.0308	      1	  0.891	  0.644	
 -0.387	-0.0635	  0.891	      1	  0.793	
 -0.354	-0.0333	  0.644	  0.793	      1	

posterior probs

  -	0.042	0.1	0.08	0.087	
0.042	  -	0.52	0.41	0.45	
0.1	0.52	  -	  1	  1	
0.08	0.41	  1	  -	  1	
0.087	0.45	  1	  1	  -	

precisions

   14.3	   10.9	 -0.471	   2.31	   1.69	
   10.9	   15.7	 -0.623	   1.95	  0.317	
 -0.471	 -0.623	   1.07	  -1.56	   1.12	
   2.31	   1.95	  -1.56	   3.49	  -5.54	
   1.69	  0.317	   1.12	  -5.54	   31.1	

partial correlation coefficients

     -1	 -0.712	  0.152	 -0.336	-0.0568	
 -0.712	     -1	  0.257	 -0.397	 0.0122	
  0.152	  0.257	     -1	  0.792	 -0.196	
 -0.336	 -0.397	  0.792	     -1	  0.542	
-0.0568	 0.0122	 -0.196	  0.542	     -1	

posterior probs

  -	0.015	0.67	0.14	0.43	
0.015	  -	0.77	0.11	0.52	
0.67	0.77	  -	  1	0.19	
0.14	0.11	  1	  -	0.98	
0.43	0.52	0.19	0.98	  -	

