entries are in the following order:
dS
omega
body_mass
brain_mass
GI

covariances

   1.01	 -0.727	  -1.11	 -0.865	 -0.136	
 -0.727	   1.75	  0.107	 -0.214	-0.0236	
  -1.11	  0.107	   9.16	   5.98	  0.752	
 -0.865	 -0.214	   5.98	   4.89	  0.674	
 -0.136	-0.0236	  0.752	  0.674	  0.146	

correlation coefficients

      1	 -0.582	 -0.362	  -0.39	 -0.359	
 -0.582	      1	 0.0318	-0.0611	-0.0323	
 -0.362	 0.0318	      1	   0.89	  0.643	
  -0.39	-0.0611	   0.89	      1	  0.793	
 -0.359	-0.0323	  0.643	  0.793	      1	

posterior probs

  -	0.046	0.1	0.079	0.087	
0.046	  -	0.53	0.41	0.45	
0.1	0.53	  -	  1	  1	
0.079	0.41	  1	  -	  1	
0.087	0.45	  1	  1	  -	

precisions

   13.2	   10.2	 -0.508	   2.21	    1.8	
   10.2	   28.7	 -0.647	   1.99	   0.13	
 -0.508	 -0.647	   1.08	  -1.57	   1.12	
   2.21	   1.99	  -1.57	   3.48	   -5.5	
    1.8	   0.13	   1.12	   -5.5	   31.3	

partial correlation coefficients

     -1	 -0.707	  0.154	 -0.331	-0.0659	
 -0.707	     -1	  0.256	 -0.392	0.00716	
  0.154	  0.256	     -1	  0.793	 -0.195	
 -0.331	 -0.392	  0.793	     -1	   0.54	
-0.0659	0.00716	 -0.195	   0.54	     -1	

posterior probs

  -	0.017	0.67	0.15	0.42	
0.017	  -	0.76	0.11	0.51	
0.67	0.76	  -	  1	0.19	
0.15	0.11	  1	  -	0.98	
0.42	0.51	0.19	0.98	  -	

