entries are in the following order:
dS
omega
body_mass
brain_mass
GI

covariances

  0.778	-0.0834	 -0.727	 -0.873	 -0.062	
-0.0834	 0.0388	  0.179	  0.185	  0.021	
 -0.727	  0.179	   8.92	    5.8	  0.741	
 -0.873	  0.185	    5.8	   4.96	  0.683	
 -0.062	  0.021	  0.741	  0.683	  0.145	

correlation coefficients

      1	 -0.445	 -0.278	  -0.45	 -0.188	
 -0.445	      1	  0.324	  0.436	    0.3	
 -0.278	  0.324	      1	  0.869	  0.644	
  -0.45	  0.436	  0.869	      1	    0.8	
 -0.188	    0.3	  0.644	    0.8	      1	

posterior probs

  -	0.16	0.14	0.032	0.22	
0.16	  -	0.75	0.8	0.76	
0.14	0.75	  -	  1	  1	
0.032	0.8	  1	  -	  1	
0.22	0.76	  1	  1	  -	

precisions

   12.7	   44.1	 -0.876	   2.02	  -6.89	
   44.1	1.7e+03	  0.708	  -24.6	  -5.18	
 -0.876	  0.708	   1.41	  -1.97	   2.23	
   2.02	  -24.6	  -1.97	   6.07	  -10.7	
  -6.89	  -5.18	   2.23	  -10.7	   53.7	

partial correlation coefficients

     -1	 -0.334	  0.237	 -0.325	   0.31	
 -0.334	     -1	-0.0473	  0.262	-0.00131	
  0.237	-0.0473	     -1	  0.673	 -0.245	
 -0.325	  0.262	  0.673	     -1	  0.602	
   0.31	-0.00131	 -0.245	  0.602	     -1	

posterior probs

  -	0.25	0.74	0.19	0.83	
0.25	  -	0.45	0.74	0.5	
0.74	0.45	  -	0.98	0.2	
0.19	0.74	0.98	  -	0.97	
0.83	0.5	0.2	0.97	  -	

