entries are in the following order:
dS
omega
body_mass
brain_mass
GI

covariances

   2.02	-0.0291	  -1.57	  -1.47	 -0.143	
-0.0291	 0.0207	  0.131	 0.0962	 0.0109	
  -1.57	  0.131	   10.9	   7.05	  0.759	
  -1.47	 0.0962	   7.05	   5.43	  0.663	
 -0.143	 0.0109	  0.759	  0.663	  0.141	

correlation coefficients

      1	 -0.123	 -0.336	 -0.447	 -0.272	
 -0.123	      1	  0.228	  0.242	  0.171	
 -0.336	  0.228	      1	  0.916	  0.607	
 -0.447	  0.242	  0.916	      1	  0.752	
 -0.272	  0.171	  0.607	  0.752	      1	

posterior probs

  -	0.38	0.088	0.029	0.11	
0.38	  -	0.64	0.65	0.64	
0.088	0.64	  -	  1	  1	
0.029	0.65	  1	  -	  1	
0.11	0.64	  1	  1	  -	

precisions

   1.74	   1.96	 -0.286	  0.876	  -1.16	
   1.96	2.17e+03	  -3.79	    -14	   -1.6	
 -0.286	  -3.79	    1.5	  -1.66	   1.61	
  0.876	    -14	  -1.66	   4.78	  -6.56	
  -1.16	   -1.6	   1.61	  -6.56	   40.8	

partial correlation coefficients

     -1	-0.0284	  0.202	 -0.327	  0.158	
-0.0284	     -1	 0.0549	  0.138	-0.00957	
  0.202	 0.0549	     -1	  0.693	 -0.253	
 -0.327	  0.138	  0.693	     -1	  0.515	
  0.158	-0.00957	 -0.253	  0.515	     -1	

posterior probs

  -	0.48	0.75	0.14	0.71	
0.48	  -	0.54	0.62	0.49	
0.75	0.54	  -	0.97	0.18	
0.14	0.62	0.97	  -	0.95	
0.71	0.49	0.18	0.95	  -	

