entries are in the following order:
dS
omega
body_mass
brain_mass
GI

covariances

   2.11	-0.0413	  -1.65	  -1.97	  -0.18	
-0.0413	 0.0171	 0.0747	 0.0698	0.00779	
  -1.65	 0.0747	   11.6	   7.64	  0.943	
  -1.97	 0.0698	   7.64	   6.33	  0.831	
  -0.18	0.00779	  0.943	  0.831	  0.172	

correlation coefficients

      1	 -0.176	 -0.344	  -0.55	 -0.308	
 -0.176	      1	  0.131	   0.17	  0.115	
 -0.344	  0.131	      1	  0.888	  0.661	
  -0.55	   0.17	  0.888	      1	  0.791	
 -0.308	  0.115	  0.661	  0.791	      1	

posterior probs

  -	0.37	0.096	0.012	0.11	
0.37	  -	0.59	0.61	0.59	
0.096	0.59	  -	  1	  1	
0.012	0.61	  1	  -	  1	
0.11	0.59	  1	  1	  -	

precisions

    3.6	   11.6	  -0.68	   1.88	  -3.04	
   11.6	2.23e+03	-0.0411	  -10.2	   1.96	
  -0.68	-0.0411	   1.34	  -1.73	    1.7	
   1.88	  -10.2	  -1.73	   5.07	  -7.78	
  -3.04	   1.96	    1.7	  -7.78	     42	

partial correlation coefficients

     -1	 -0.127	  0.344	  -0.49	  0.283	
 -0.127	     -1	-0.00272	 0.0942	-0.0136	
  0.344	-0.00272	     -1	  0.687	 -0.234	
  -0.49	 0.0942	  0.687	     -1	  0.552	
  0.283	-0.0136	 -0.234	  0.552	     -1	

posterior probs

  -	0.4	0.83	0.082	0.8	
0.4	  -	0.5	0.59	0.49	
0.83	0.5	  -	0.98	0.21	
0.082	0.59	0.98	  -	0.96	
0.8	0.49	0.21	0.96	  -	

