entries are in the following order:
dS
omega
body_mass
brain_mass
GI

covariances

  0.634	 0.0392	  -1.54	  -1.35	 -0.129	
 0.0392	 0.0426	 -0.372	 -0.252	-0.0366	
  -1.54	 -0.372	   10.1	   6.69	   0.82	
  -1.35	 -0.252	   6.69	   5.43	  0.726	
 -0.129	-0.0366	   0.82	  0.726	  0.151	

correlation coefficients

      1	  0.309	 -0.613	 -0.731	  -0.42	
  0.309	      1	 -0.604	 -0.577	 -0.514	
 -0.613	 -0.604	      1	  0.901	  0.657	
 -0.731	 -0.577	  0.901	      1	  0.795	
  -0.42	 -0.514	  0.657	  0.795	      1	

posterior probs

  -	0.76	0.0068	0.00075	0.037	
0.76	  -	0.11	0.12	0.11	
0.0068	0.11	  -	  1	  1	
0.00075	0.12	  1	  -	  1	
0.037	0.11	  1	  1	  -	

precisions

   21.6	   7.86	 -0.748	   8.32	  -14.2	
   7.86	1.52e+03	   19.8	   18.9	   70.1	
 -0.748	   19.8	   2.37	  -2.31	   3.38	
   8.32	   18.9	  -2.31	   8.67	  -14.5	
  -14.2	   70.1	   3.38	  -14.5	   73.5	

partial correlation coefficients

     -1	-0.0866	  0.167	 -0.587	  0.376	
-0.0866	     -1	 -0.359	-0.0991	 -0.172	
  0.167	 -0.359	     -1	  0.569	 -0.281	
 -0.587	-0.0991	  0.569	     -1	  0.596	
  0.376	 -0.172	 -0.281	  0.596	     -1	

posterior probs

  -	0.43	0.67	0.04	0.86	
0.43	  -	0.21	0.41	0.35	
0.67	0.21	  -	0.94	0.19	
0.04	0.41	0.94	  -	0.96	
0.86	0.35	0.19	0.96	  -	

