entries are in the following order:
dS
omega
body_mass
brain_mass
GI

covariances

  0.439	-0.0754	  -1.45	  -1.18	 -0.124	
-0.0754	 0.0589	  0.379	  0.338	 0.0547	
  -1.45	  0.379	   10.7	   6.98	  0.878	
  -1.18	  0.338	   6.98	   5.67	  0.768	
 -0.124	 0.0547	  0.878	  0.768	  0.161	

correlation coefficients

      1	 -0.541	 -0.708	 -0.794	 -0.506	
 -0.541	      1	  0.566	  0.677	  0.639	
 -0.708	  0.566	      1	  0.894	  0.663	
 -0.794	  0.677	  0.894	      1	  0.798	
 -0.506	  0.639	  0.663	  0.798	      1	

posterior probs

  -	0.13	0.0036	0.00057	0.023	
0.13	  -	0.87	0.91	0.94	
0.0036	0.87	  -	  1	  1	
0.00057	0.91	  1	  -	  1	
0.023	0.94	  1	  1	  -	

precisions

    134	   54.7	  0.416	   20.4	  -19.9	
   54.7	1.38e+03	 -0.801	  -43.7	  -94.8	
  0.416	 -0.801	   1.38	   -1.6	  0.743	
   20.4	  -43.7	   -1.6	   11.2	  -9.73	
  -19.9	  -94.8	  0.743	  -9.73	   74.4	

partial correlation coefficients

     -1	 -0.108	 0.0512	 -0.502	  0.332	
 -0.108	     -1	-0.0533	  0.333	  0.292	
 0.0512	-0.0533	     -1	  0.484	 -0.115	
 -0.502	  0.333	  0.484	     -1	  0.414	
  0.332	  0.292	 -0.115	  0.414	     -1	

posterior probs

  -	0.41	0.56	0.092	0.81	
0.41	  -	0.45	0.79	0.74	
0.56	0.45	  -	0.89	0.35	
0.092	0.79	0.89	  -	0.86	
0.81	0.74	0.35	0.86	  -	

