entries are in the following order:
dS
omega
body_mass
brain_mass
GI

covariances

  0.849	 0.0573	  -1.22	   -1.2	 -0.149	
 0.0573	 0.0369	 -0.316	 -0.244	 -0.032	
  -1.22	 -0.316	   9.13	   6.09	  0.733	
   -1.2	 -0.244	   6.09	   4.97	  0.668	
 -0.149	 -0.032	  0.733	  0.668	  0.138	

correlation coefficients

      1	  0.336	 -0.446	 -0.594	 -0.443	
  0.336	      1	 -0.538	 -0.567	 -0.454	
 -0.446	 -0.538	      1	  0.902	  0.647	
 -0.594	 -0.567	  0.902	      1	  0.803	
 -0.443	 -0.454	  0.647	  0.803	      1	

posterior probs

  -	0.79	0.033	0.0049	0.023	
0.79	  -	0.17	0.16	0.17	
0.033	0.17	  -	  1	  1	
0.0049	0.16	  1	  -	  1	
0.023	0.17	  1	  1	  -	

precisions

   6.57	   -9.8	 -0.775	   2.13	  -2.71	
   -9.8	1.91e+03	   12.1	   31.8	   29.5	
 -0.775	   12.1	   1.88	  -1.77	   1.97	
   2.13	   31.8	  -1.77	   6.84	  -8.06	
  -2.71	   29.5	   1.97	  -8.06	   50.6	

partial correlation coefficients

     -1	 0.0742	  0.248	  -0.37	  0.153	
 0.0742	     -1	 -0.181	 -0.267	 -0.062	
  0.248	 -0.181	     -1	  0.602	  -0.25	
  -0.37	 -0.267	  0.602	     -1	  0.501	
  0.153	 -0.062	  -0.25	  0.501	     -1	

posterior probs

  -	0.56	0.78	0.14	0.69	
0.56	  -	0.35	0.27	0.45	
0.78	0.35	  -	0.94	0.19	
0.14	0.27	0.94	  -	0.93	
0.69	0.45	0.19	0.93	  -	

