entries are in the following order:
dS
omega
body_mass
brain_mass
GI

covariances

   1.06	-0.00282	-0.0125	 -0.377	-0.0342	
-0.00282	 0.0308	 -0.161	 -0.121	-0.0181	
-0.0125	 -0.161	    8.4	   5.58	  0.713	
 -0.377	 -0.121	   5.58	   4.69	  0.683	
-0.0342	-0.0181	  0.713	  0.683	  0.153	

correlation coefficients

      1	-0.0125	-0.00273	  -0.17	-0.0831	
-0.0125	      1	 -0.261	 -0.264	 -0.224	
-0.00273	 -0.261	      1	  0.887	  0.623	
  -0.17	 -0.264	  0.887	      1	  0.803	
-0.0831	 -0.224	  0.623	  0.803	      1	

posterior probs

  -	0.5	0.5	0.26	0.37	
0.5	  -	0.34	0.34	0.34	
0.5	0.34	  -	  1	  1	
0.26	0.34	  1	  -	  1	
0.37	0.34	  1	  1	  -	

precisions

   4.22	   2.42	 -0.799	   1.57	  -2.66	
   2.42	1.99e+03	    8.2	   11.4	   28.2	
 -0.799	    8.2	   2.08	  -1.95	   2.59	
   1.57	   11.4	  -1.95	      6	  -8.24	
  -2.66	   28.2	   2.59	  -8.24	   52.5	

partial correlation coefficients

     -1	-0.0299	  0.296	 -0.331	   0.19	
-0.0299	     -1	 -0.122	-0.0957	-0.0754	
  0.296	 -0.122	     -1	  0.648	 -0.291	
 -0.331	-0.0957	  0.648	     -1	  0.542	
   0.19	-0.0754	 -0.291	  0.542	     -1	

posterior probs

  -	0.48	0.8	0.16	0.72	
0.48	  -	0.4	0.42	0.44	
0.8	0.4	  -	0.96	0.16	
0.16	0.42	0.96	  -	0.94	
0.72	0.44	0.16	0.94	  -	

