entries are in the following order:
dS
omega
body_mass
brain_mass
GI

covariances

  0.698	 -0.022	  -1.07	  -1.19	 -0.159	
 -0.022	 0.0498	  0.263	  0.174	 0.0249	
  -1.07	  0.263	   9.06	    6.1	  0.779	
  -1.19	  0.174	    6.1	   5.08	  0.719	
 -0.159	 0.0249	  0.779	  0.719	   0.15	

correlation coefficients

      1	  -0.16	 -0.446	 -0.659	 -0.511	
  -0.16	      1	  0.462	  0.436	  0.376	
 -0.446	  0.462	      1	  0.896	  0.663	
 -0.659	  0.436	  0.896	      1	   0.82	
 -0.511	  0.376	  0.663	   0.82	      1	

posterior probs

  -	0.35	0.047	0.0028	0.014	
0.35	  -	0.8	0.77	0.77	
0.047	0.8	  -	  1	  1	
0.0028	0.77	  1	  -	  1	
0.014	0.77	  1	  1	  -	

precisions

   28.7	    -25	  -1.85	   8.27	  -4.82	
    -25	1.7e+03	    -14	  -26.8	  -40.1	
  -1.85	    -14	   2.55	  -2.97	   3.05	
   8.27	  -26.8	  -2.97	   9.33	  -10.6	
  -4.82	  -40.1	   3.05	  -10.6	   55.2	

partial correlation coefficients

     -1	  0.182	  0.332	 -0.556	  0.188	
  0.182	     -1	  0.205	  0.195	  0.106	
  0.332	  0.205	     -1	  0.658	 -0.286	
 -0.556	  0.195	  0.658	     -1	  0.517	
  0.188	  0.106	 -0.286	  0.517	     -1	

posterior probs

  -	0.65	0.81	0.053	0.71	
0.65	  -	0.67	0.68	0.59	
0.81	0.67	  -	0.96	0.17	
0.053	0.68	0.96	  -	0.94	
0.71	0.59	0.17	0.94	  -	

