entries are in the following order:
dS
omega
body_mass
brain_mass
GI

covariances

   1.15	 0.0867	 -0.763	 -0.836	 -0.106	
 0.0867	  0.167	  -0.59	 -0.383	-0.0384	
 -0.763	  -0.59	     10	   6.59	   0.77	
 -0.836	 -0.383	   6.59	   5.36	   0.69	
 -0.106	-0.0384	   0.77	   0.69	  0.146	

correlation coefficients

      1	  0.291	 -0.234	 -0.349	 -0.271	
  0.291	      1	 -0.558	 -0.527	 -0.352	
 -0.234	 -0.558	      1	  0.898	  0.632	
 -0.349	 -0.527	  0.898	      1	  0.776	
 -0.271	 -0.352	  0.632	  0.776	      1	

posterior probs

  -	0.78	0.19	0.094	0.13	
0.78	  -	0.11	0.12	0.18	
0.19	0.11	  -	  1	  1	
0.094	0.12	  1	  -	  1	
0.13	0.18	  1	  1	  -	

precisions

   4.72	  -13.3	 -0.683	  0.788	 -0.244	
  -13.3	    990	   11.4	   10.9	   3.97	
 -0.683	   11.4	   1.72	  -1.36	  0.539	
  0.788	   10.9	  -1.36	   3.63	  -5.18	
 -0.244	   3.97	  0.539	  -5.18	   35.6	

partial correlation coefficients

     -1	  0.284	  0.255	 -0.238	 0.0277	
  0.284	     -1	 -0.366	  -0.08	 0.0612	
  0.255	 -0.366	     -1	  0.639	 -0.128	
 -0.238	  -0.08	  0.639	     -1	  0.498	
 0.0277	 0.0612	 -0.128	  0.498	     -1	

posterior probs

  -	0.73	0.77	0.24	0.54	
0.73	  -	0.2	0.44	0.56	
0.77	0.2	  -	0.96	0.31	
0.24	0.44	0.96	  -	0.95	
0.54	0.56	0.31	0.95	  -	

