entries are in the following order:
dS
omega
body_mass
brain_mass
GI

covariances

   1.14	-0.0596	 -0.354	 -0.592	-0.0796	
-0.0596	  0.034	 0.0786	 0.0763	 0.0103	
 -0.354	 0.0786	   9.67	   6.41	  0.817	
 -0.592	 0.0763	   6.41	   5.49	   0.78	
-0.0796	 0.0103	  0.817	   0.78	  0.167	

correlation coefficients

      1	 -0.232	 -0.119	 -0.254	 -0.194	
 -0.232	      1	  0.149	  0.184	  0.144	
 -0.119	  0.149	      1	  0.877	  0.636	
 -0.254	  0.184	  0.877	      1	  0.809	
 -0.194	  0.144	  0.636	  0.809	      1	

posterior probs

  -	0.31	0.33	0.16	0.22	
0.31	  -	0.61	0.63	0.61	
0.33	0.61	  -	  1	  1	
0.16	0.63	  1	  -	  1	
0.22	0.61	  1	  1	  -	

precisions

   6.11	   19.3	 -0.383	  0.763	 -0.874	
   19.3	1.97e+03	     -2	  -7.09	   -5.9	
 -0.383	     -2	   1.13	  -1.22	   1.13	
  0.763	  -7.09	  -1.22	   3.39	   -5.8	
 -0.874	   -5.9	   1.13	   -5.8	   38.1	

partial correlation coefficients

     -1	 -0.227	   0.19	 -0.213	 0.0733	
 -0.227	     -1	 0.0374	 0.0761	 0.0088	
   0.19	 0.0374	     -1	   0.67	 -0.204	
 -0.213	 0.0761	   0.67	     -1	  0.556	
 0.0733	 0.0088	 -0.204	  0.556	     -1	

posterior probs

  -	0.33	0.72	0.26	0.6	
0.33	  -	0.53	0.57	0.51	
0.72	0.53	  -	0.98	0.21	
0.26	0.57	0.98	  -	0.97	
0.6	0.51	0.21	0.97	  -	

