entries are in the following order:
dS
omega
body_mass
brain_mass
GI

covariances

  0.666	-0.0577	 -0.991	 -0.989	 -0.102	
-0.0577	 0.0316	  0.295	  0.257	 0.0402	
 -0.991	  0.295	   9.43	   6.27	  0.785	
 -0.989	  0.257	   6.27	   5.21	  0.727	
 -0.102	 0.0402	  0.785	  0.727	  0.155	

correlation coefficients

      1	  -0.39	 -0.407	 -0.544	 -0.325	
  -0.39	      1	  0.566	  0.659	  0.602	
 -0.407	  0.566	      1	  0.892	  0.644	
 -0.544	  0.659	  0.892	      1	  0.805	
 -0.325	  0.602	  0.644	  0.805	      1	

posterior probs

  -	0.15	0.053	0.011	0.078	
0.15	  -	0.88	0.9	0.91	
0.053	0.88	  -	  1	  1	
0.011	0.9	  1	  -	  1	
0.078	0.91	  1	  1	  -	

precisions

   8.42	   12.2	 -0.783	   2.49	  -6.18	
   12.2	1.74e+03	   -4.4	  -40.2	  -85.1	
 -0.783	   -4.4	   1.43	  -1.77	   1.94	
   2.49	  -40.2	  -1.77	   6.77	  -7.37	
  -6.18	  -85.1	   1.94	  -7.37	   58.9	

partial correlation coefficients

     -1	-0.0973	  0.242	 -0.374	  0.286	
-0.0973	     -1	 0.0403	  0.339	  0.251	
  0.242	 0.0403	     -1	  0.631	 -0.256	
 -0.374	  0.339	  0.631	     -1	  0.461	
  0.286	  0.251	 -0.256	  0.461	     -1	

posterior probs

  -	0.42	0.77	0.14	0.81	
0.42	  -	0.53	0.79	0.7	
0.77	0.53	  -	0.95	0.19	
0.14	0.79	0.95	  -	0.9	
0.81	0.7	0.19	0.9	  -	

