entries are in the following order:
dS
omega
body_mass
brain_mass
GI

covariances

  0.356	0.00179	  -0.99	  -0.91	 -0.121	
0.00179	 0.0354	 0.0121	 0.0022	0.00199	
  -0.99	 0.0121	   8.95	   6.08	  0.831	
  -0.91	 0.0022	   6.08	   5.05	   0.74	
 -0.121	0.00199	  0.831	   0.74	  0.155	

correlation coefficients

      1	 0.0144	 -0.614	 -0.744	 -0.573	
 0.0144	      1	 0.0367	 0.0259	 0.0409	
 -0.614	 0.0367	      1	  0.901	    0.7	
 -0.744	 0.0259	  0.901	      1	  0.833	
 -0.573	 0.0409	    0.7	  0.833	      1	

posterior probs

  -	0.5	0.03	0.0081	0.03	
0.5	  -	0.52	0.52	0.53	
0.03	0.52	  -	  1	  1	
0.0081	0.52	  1	  -	  1	
0.03	0.53	  1	  1	  -	

precisions

    243	  -23.3	 -0.427	   28.7	  -1.15	
  -23.3	2.13e+03	   -2.7	 -0.442	  -20.1	
 -0.427	   -2.7	   2.28	  -2.42	   1.81	
   28.7	 -0.442	  -2.42	   12.8	  -10.9	
  -1.15	  -20.1	   1.81	  -10.9	   72.1	

partial correlation coefficients

     -1	 0.0717	  0.159	 -0.518	  0.138	
 0.0717	     -1	 0.0409	-0.00105	 0.0547	
  0.159	 0.0409	     -1	  0.533	 -0.174	
 -0.518	-0.00105	  0.533	     -1	  0.442	
  0.138	 0.0547	 -0.174	  0.442	     -1	

posterior probs

  -	0.56	0.65	0.083	0.64	
0.56	  -	0.53	0.5	0.54	
0.65	0.53	  -	0.9	0.28	
0.083	0.5	0.9	  -	0.88	
0.64	0.54	0.28	0.88	  -	

