entries are in the following order:
dS
omega
body_mass
brain_mass
GI

covariances

   0.34	 -0.344	  -1.32	  -1.17	 -0.156	
 -0.344	  0.499	   1.83	   1.53	  0.228	
  -1.32	   1.83	   9.63	   6.58	  0.858	
  -1.17	   1.53	   6.58	   5.52	  0.776	
 -0.156	  0.228	  0.858	  0.776	  0.157	

correlation coefficients

      1	 -0.867	 -0.756	  -0.89	 -0.705	
 -0.867	      1	  0.859	  0.952	  0.846	
 -0.756	  0.859	      1	    0.9	  0.691	
  -0.89	  0.952	    0.9	      1	  0.828	
 -0.705	  0.846	  0.691	  0.828	      1	

posterior probs

  -	0.0022	0.0042	0.00044	0.005	
0.0022	  -	  1	  1	  1	
0.0042	  1	  -	  1	  1	
0.00044	  1	  1	  -	  1	
0.005	  1	  1	  1	  -	

precisions

    523	    155	  -5.46	   70.9	  -28.9	
    155	    601	    -10	   -102	   -109	
  -5.46	    -10	   3.13	  -2.79	    4.2	
   70.9	   -102	  -2.79	   51.2	  -5.72	
  -28.9	   -109	    4.2	  -5.72	    138	

partial correlation coefficients

     -1	 -0.269	  0.256	 -0.464	  0.245	
 -0.269	     -1	  0.189	  0.466	  0.368	
  0.256	  0.189	     -1	  0.318	 -0.249	
 -0.464	  0.466	  0.318	     -1	  0.136	
  0.245	  0.368	 -0.249	  0.136	     -1	

posterior probs

  -	0.27	0.72	0.14	0.72	
0.27	  -	0.65	0.86	0.79	
0.72	0.65	  -	0.76	0.24	
0.14	0.86	0.76	  -	0.62	
0.72	0.79	0.24	0.62	  -	

