entries are in the following order:
dS
omega
body_mass
brain_mass
GI

covariances

   1.15	 0.0273	  -1.35	  -1.36	 -0.219	
 0.0273	 0.0344	 -0.211	 -0.137	-0.0159	
  -1.35	 -0.211	   8.03	   5.28	   0.68	
  -1.36	 -0.137	   5.28	    4.4	  0.622	
 -0.219	-0.0159	   0.68	  0.622	  0.135	

correlation coefficients

      1	  0.202	 -0.467	 -0.625	 -0.568	
  0.202	      1	 -0.416	 -0.386	 -0.276	
 -0.467	 -0.416	      1	  0.887	  0.647	
 -0.625	 -0.386	  0.887	      1	  0.803	
 -0.568	 -0.276	  0.647	  0.803	      1	

posterior probs

  -	0.68	0.028	0.003	0.0046	
0.68	  -	0.23	0.25	0.29	
0.028	0.23	  -	  1	  1	
0.003	0.25	  1	  -	  1	
0.0046	0.29	  1	  1	  -	

precisions

   6.55	  -4.27	 -0.344	   2.11	  0.549	
  -4.27	1.86e+03	   15.3	   12.3	    5.2	
 -0.344	   15.3	   1.92	  -1.54	  0.657	
   2.11	   12.3	  -1.54	   4.92	  -5.95	
  0.549	    5.2	  0.657	  -5.95	   45.8	

partial correlation coefficients

     -1	  0.023	  0.156	 -0.332	-0.0561	
  0.023	     -1	 -0.277	-0.0952	 0.0189	
  0.156	 -0.277	     -1	  0.597	 -0.126	
 -0.332	-0.0952	  0.597	     -1	  0.447	
-0.0561	 0.0189	 -0.126	  0.447	     -1	

posterior probs

  -	0.52	0.69	0.15	0.42	
0.52	  -	0.28	0.42	0.52	
0.69	0.28	  -	0.95	0.31	
0.15	0.42	0.95	  -	0.93	
0.42	0.52	0.31	0.93	  -	

