entries are in the following order:
dS
omega
body_mass
brain_mass
GI

covariances

  0.371	-0.0571	  -1.56	  -1.16	  -0.14	
-0.0571	   1.05	 -0.375	 -0.389	-0.0557	
  -1.56	 -0.375	   11.5	   7.48	  0.899	
  -1.16	 -0.389	   7.48	   6.02	  0.791	
  -0.14	-0.0557	  0.899	  0.791	  0.164	

correlation coefficients

      1	-0.0703	 -0.789	 -0.819	 -0.617	
-0.0703	      1	-0.0991	 -0.146	 -0.134	
 -0.789	-0.0991	      1	  0.897	  0.649	
 -0.819	 -0.146	  0.897	      1	   0.79	
 -0.617	 -0.134	  0.649	   0.79	      1	

posterior probs

  -	0.44	0.0028	0.0023	0.015	
0.44	  -	0.36	0.3	0.3	
0.0028	0.36	  -	  1	  1	
0.0023	0.3	  1	  -	  1	
0.015	0.3	  1	  1	  -	

precisions

    145	   5.55	   5.08	   19.4	   5.85	
   5.55	   3.53	  0.105	  0.929	  0.164	
   5.08	  0.105	   1.29	 -0.756	      1	
   19.4	  0.929	 -0.756	   5.63	  -4.69	
   5.85	  0.164	      1	  -4.69	   31.1	

partial correlation coefficients

     -1	 -0.319	 -0.244	 -0.518	 0.0203	
 -0.319	     -1	-0.0227	 -0.221	0.00531	
 -0.244	-0.0227	     -1	  0.472	  -0.18	
 -0.518	 -0.221	  0.472	     -1	  0.464	
 0.0203	0.00531	  -0.18	  0.464	     -1	

posterior probs

  -	0.23	0.28	0.076	0.54	
0.23	  -	0.47	0.25	0.51	
0.28	0.47	  -	0.89	0.23	
0.076	0.25	0.89	  -	0.91	
0.54	0.51	0.23	0.91	  -	

