entries are in the following order:
dS
omega
body_mass
brain_mass
GI

covariances

   2.19	 0.0332	 -0.114	 -0.694	-0.0888	
 0.0332	 0.0789	 -0.333	  -0.27	-0.0383	
 -0.114	 -0.333	   9.46	   6.42	  0.835	
 -0.694	  -0.27	   6.42	    5.3	  0.747	
-0.0888	-0.0383	  0.835	  0.747	  0.155	

correlation coefficients

      1	 0.0777	-0.0303	  -0.21	 -0.158	
 0.0777	      1	 -0.368	   -0.4	 -0.341	
-0.0303	 -0.368	      1	  0.904	  0.684	
  -0.21	   -0.4	  0.904	      1	  0.821	
 -0.158	 -0.341	  0.684	  0.821	      1	

posterior probs

  -	0.59	0.45	0.2	0.25	
0.59	  -	0.27	0.26	0.26	
0.45	0.27	  -	  1	  1	
0.2	0.26	  1	  -	  1	
0.25	0.26	  1	  1	  -	

precisions

   1.99	  -1.23	 -0.524	  0.845	  -1.04	
  -1.23	1.71e+03	   5.96	   21.3	     25	
 -0.524	   5.96	   1.91	  -1.72	   1.59	
  0.845	   21.3	  -1.72	   6.28	  -6.56	
  -1.04	     25	   1.59	  -6.56	   49.3	

partial correlation coefficients

     -1	 0.0253	  0.316	 -0.308	  0.119	
 0.0253	     -1	-0.0856	 -0.227	-0.0713	
  0.316	-0.0856	     -1	  0.626	 -0.205	
 -0.308	 -0.227	  0.626	     -1	   0.47	
  0.119	-0.0713	 -0.205	   0.47	     -1	

posterior probs

  -	0.52	0.83	0.18	0.66	
0.52	  -	0.43	0.31	0.44	
0.83	0.43	  -	0.95	0.22	
0.18	0.31	0.95	  -	0.92	
0.66	0.44	0.22	0.92	  -	

