entries are in the following order:
dS
omega
body_mass
brain_mass
GI

covariances

   1.24	 0.0189	  -1.09	  -1.15	 -0.117	
 0.0189	 0.0544	 -0.265	   -0.2	-0.0343	
  -1.09	 -0.265	   9.64	   6.46	  0.842	
  -1.15	   -0.2	   6.46	   5.27	  0.751	
 -0.117	-0.0343	  0.842	  0.751	   0.16	

correlation coefficients

      1	  0.114	 -0.313	 -0.452	 -0.265	
  0.114	      1	 -0.457	 -0.469	 -0.452	
 -0.313	 -0.457	      1	  0.904	  0.671	
 -0.452	 -0.469	  0.904	      1	  0.812	
 -0.265	 -0.452	  0.671	  0.812	      1	

posterior probs

  -	0.63	0.094	0.023	0.12	
0.63	  -	0.2	0.2	0.18	
0.094	0.2	  -	  1	  1	
0.023	0.2	  1	  -	  1	
0.12	0.18	  1	  1	  -	

precisions

   3.44	   3.62	 -0.566	   1.71	   -2.5	
   3.62	1.57e+03	   10.9	     16	   68.6	
 -0.566	   10.9	   1.71	  -1.84	   2.34	
   1.71	     16	  -1.84	   5.37	  -7.86	
   -2.5	   68.6	   2.34	  -7.86	   55.2	

partial correlation coefficients

     -1	-0.0631	  0.248	 -0.407	  0.217	
-0.0631	     -1	 -0.189	 -0.113	 -0.227	
  0.248	 -0.189	     -1	  0.676	 -0.274	
 -0.407	 -0.113	  0.676	     -1	  0.533	
  0.217	 -0.227	 -0.274	  0.533	     -1	

posterior probs

  -	0.45	0.77	0.11	0.76	
0.45	  -	0.34	0.41	0.31	
0.77	0.34	  -	0.97	0.17	
0.11	0.41	0.97	  -	0.95	
0.76	0.31	0.17	0.95	  -	

