entries are in the following order:
dS
omega
body_mass
brain_mass
GI

covariances

   1.24	 -0.247	  -1.48	  -1.54	 -0.146	
 -0.247	  0.249	   1.28	  0.916	  0.128	
  -1.48	   1.28	   9.05	   6.09	  0.773	
  -1.54	  0.916	   6.09	   4.93	  0.695	
 -0.146	  0.128	  0.773	  0.695	  0.146	

correlation coefficients

      1	 -0.447	 -0.446	 -0.628	 -0.348	
 -0.447	      1	  0.895	  0.879	  0.721	
 -0.446	  0.895	      1	   0.91	  0.666	
 -0.628	  0.879	   0.91	      1	  0.814	
 -0.348	  0.721	  0.666	  0.814	      1	

posterior probs

  -	0.072	0.033	0.0027	0.059	
0.072	  -	  1	  1	  1	
0.033	  1	  -	  1	  1	
0.0027	  1	  1	  -	  1	
0.059	  1	  1	  1	  -	

precisions

   9.43	  -8.59	  -1.87	   8.27	  -13.2	
  -8.59	    700	  -44.2	    -52	  -56.8	
  -1.87	  -44.2	   8.61	  -3.73	   9.43	
   8.27	    -52	  -3.73	   20.6	    -22	
  -13.2	  -56.8	   9.43	    -22	    103	

partial correlation coefficients

     -1	 0.0913	  0.347	 -0.628	  0.466	
 0.0913	     -1	  0.544	  0.305	  0.175	
  0.347	  0.544	     -1	  0.424	 -0.427	
 -0.628	  0.305	  0.424	     -1	  0.561	
  0.466	  0.175	 -0.427	  0.561	     -1	

posterior probs

  -	0.58	0.8	0.044	0.91	
0.58	  -	0.89	0.75	0.64	
0.8	0.89	  -	0.85	0.12	
0.044	0.75	0.85	  -	0.92	
0.91	0.64	0.12	0.92	  -	

