entries are in the following order:
dS
omega
body_mass
brain_mass
GI

covariances

   0.37	-0.0586	  -1.56	  -1.17	 -0.142	
-0.0586	   1.05	 -0.366	 -0.382	-0.0548	
  -1.56	 -0.366	   11.5	    7.5	  0.902	
  -1.17	 -0.382	    7.5	   6.04	  0.794	
 -0.142	-0.0548	  0.902	  0.794	  0.165	

correlation coefficients

      1	-0.0708	 -0.792	 -0.823	 -0.621	
-0.0708	      1	-0.0975	 -0.145	 -0.132	
 -0.792	-0.0975	      1	  0.898	  0.649	
 -0.823	 -0.145	  0.898	      1	  0.791	
 -0.621	 -0.132	  0.649	  0.791	      1	

posterior probs

  -	0.44	0.0025	0.0017	0.014	
0.44	  -	0.37	0.3	0.3	
0.0025	0.37	  -	  1	  1	
0.0017	0.3	  1	  -	  1	
0.014	0.3	  1	  1	  -	

precisions

    147	   5.86	   4.63	   20.3	    6.5	
   5.86	   3.55	  0.117	  0.994	 0.0648	
   4.63	  0.117	   1.22	 -0.765	  0.989	
   20.3	  0.994	 -0.765	   5.85	  -4.66	
    6.5	 0.0648	  0.989	  -4.66	   31.8	

partial correlation coefficients

     -1	 -0.324	 -0.241	 -0.526	 0.0179	
 -0.324	     -1	-0.0213	  -0.23	 0.0116	
 -0.241	-0.0213	     -1	  0.468	 -0.182	
 -0.526	  -0.23	  0.468	     -1	  0.459	
 0.0179	 0.0116	 -0.182	  0.459	     -1	

posterior probs

  -	0.22	0.29	0.073	0.53	
0.22	  -	0.48	0.25	0.52	
0.29	0.48	  -	0.89	0.22	
0.073	0.25	0.89	  -	0.91	
0.53	0.52	0.22	0.91	  -	

