entries are in the following order:
dS
omega
body_mass
brain_mass
GI

covariances

  0.334	  0.055	  -1.56	  -1.23	 -0.169	
  0.055	 0.0621	 -0.332	 -0.256	-0.0342	
  -1.56	 -0.332	   10.4	   7.16	  0.942	
  -1.23	 -0.256	   7.16	   5.89	  0.833	
 -0.169	-0.0342	  0.942	  0.833	  0.168	

correlation coefficients

      1	  0.372	 -0.879	 -0.923	 -0.753	
  0.372	      1	 -0.364	 -0.374	 -0.295	
 -0.879	 -0.364	      1	  0.914	  0.708	
 -0.923	 -0.374	  0.914	      1	  0.832	
 -0.753	 -0.295	  0.708	  0.832	      1	

posterior probs

  -	0.71	0.00042	0.00019	0.0014	
0.71	  -	0.29	0.29	0.3	
0.00042	0.29	  -	  1	  1	
0.00019	0.29	  1	  -	  1	
0.0014	0.3	  1	  1	  -	

precisions

    507	   -112	   13.8	   56.3	   14.7	
   -112	2.07e+03	   8.18	   25.2	   0.36	
   13.8	   8.18	   3.93	 -0.775	   1.02	
   56.3	   25.2	 -0.775	   18.1	  -6.95	
   14.7	   0.36	   1.02	  -6.95	     70	

partial correlation coefficients

     -1	  0.123	  -0.21	 -0.512	-0.0153	
  0.123	     -1	-0.0845	 -0.124	 0.0182	
  -0.21	-0.0845	     -1	  0.237	 -0.123	
 -0.512	 -0.124	  0.237	     -1	  0.306	
-0.0153	 0.0182	 -0.123	  0.306	     -1	

posterior probs

  -	0.61	0.33	0.11	0.49	
0.61	  -	0.43	0.39	0.52	
0.33	0.43	  -	0.71	0.34	
0.11	0.39	0.71	  -	0.78	
0.49	0.52	0.34	0.78	  -	

