entries are in the following order:
dS
omega
body_mass
brain_mass
GI

covariances

   1.66	0.000624	   -1.6	  -1.65	  -0.21	
0.000624	 0.0248	-0.0339	 -0.022	-0.00239	
   -1.6	-0.0339	   10.3	   6.96	  0.911	
  -1.65	 -0.022	   6.96	   5.77	  0.812	
  -0.21	-0.00239	  0.911	  0.812	  0.169	

correlation coefficients

      1	 0.0013	 -0.401	 -0.549	 -0.408	
 0.0013	      1	-0.0475	-0.0409	-0.0252	
 -0.401	-0.0475	      1	  0.898	  0.683	
 -0.549	-0.0409	  0.898	      1	  0.817	
 -0.408	-0.0252	  0.683	  0.817	      1	

posterior probs

  -	0.51	0.065	0.013	0.047	
0.51	  -	0.47	0.47	0.48	
0.065	0.47	  -	  1	  1	
0.013	0.47	  1	  -	  1	
0.047	0.48	  1	  1	  -	

precisions

   3.83	-0.0209	 -0.412	   1.42	  -1.48	
-0.0209	2.11e+03	   2.16	   1.66	   -2.6	
 -0.412	   2.16	   1.39	  -1.48	   1.15	
   1.42	   1.66	  -1.48	   4.61	  -6.19	
  -1.48	   -2.6	   1.15	  -6.19	     43	

partial correlation coefficients

     -1	-0.00543	  0.218	 -0.367	   0.13	
-0.00543	     -1	-0.0365	-0.0151	 0.0141	
  0.218	-0.0365	     -1	  0.646	 -0.176	
 -0.367	-0.0151	  0.646	     -1	  0.494	
   0.13	 0.0141	 -0.176	  0.494	     -1	

posterior probs

  -	0.5	0.74	0.14	0.66	
0.5	  -	0.47	0.49	0.51	
0.74	0.47	  -	0.97	0.25	
0.14	0.49	0.97	  -	0.94	
0.66	0.51	0.25	0.94	  -	

