entries are in the following order:
dS
omega
body_mass
brain_mass
GI

covariances

   1.07	-0.0327	 -0.918	 -0.959	 -0.122	
-0.0327	 0.0262	  0.233	  0.187	 0.0296	
 -0.918	  0.233	   8.82	   6.01	  0.791	
 -0.959	  0.187	   6.01	    5.1	  0.729	
 -0.122	 0.0296	  0.791	  0.729	  0.153	

correlation coefficients

      1	  -0.18	  -0.31	 -0.423	 -0.308	
  -0.18	      1	   0.48	  0.507	  0.466	
  -0.31	   0.48	      1	  0.894	  0.673	
 -0.423	  0.507	  0.894	      1	   0.82	
 -0.308	  0.466	  0.673	   0.82	      1	

posterior probs

  -	0.31	0.13	0.059	0.12	
0.31	  -	0.81	0.82	0.82	
0.13	0.81	  -	  1	  1	
0.059	0.82	  1	  -	  1	
0.12	0.82	  1	  1	  -	

precisions

   4.03	  -4.54	 -0.293	   1.26	 -0.872	
  -4.54	1.85e+03	  -10.2	  -21.2	  -64.4	
 -0.293	  -10.2	   1.52	   -1.4	   1.52	
   1.26	  -21.2	   -1.4	   4.67	  -6.05	
 -0.872	  -64.4	   1.52	  -6.05	   51.4	

partial correlation coefficients

     -1	 0.0614	  0.145	 -0.291	 0.0899	
 0.0614	     -1	   0.17	  0.195	  0.193	
  0.145	   0.17	     -1	  0.612	 -0.206	
 -0.291	  0.195	  0.612	     -1	  0.478	
 0.0899	  0.193	 -0.206	  0.478	     -1	

posterior probs

  -	0.55	0.67	0.19	0.62	
0.55	  -	0.64	0.67	0.66	
0.67	0.64	  -	0.95	0.22	
0.19	0.67	0.95	  -	0.92	
0.62	0.66	0.22	0.92	  -	

