entries are in the following order:
dS
omega
body_mass
brain_mass
GI

covariances

  0.683	 0.0369	  -2.04	   -1.6	 -0.165	
 0.0369	 0.0176	 -0.165	 -0.136	-0.0181	
  -2.04	 -0.165	   10.6	   7.01	  0.845	
   -1.6	 -0.136	   7.01	   5.69	  0.752	
 -0.165	-0.0181	  0.845	  0.752	  0.154	

correlation coefficients

      1	  0.328	 -0.778	 -0.832	 -0.522	
  0.328	      1	 -0.331	 -0.375	  -0.31	
 -0.778	 -0.331	      1	  0.901	  0.656	
 -0.832	 -0.375	  0.901	      1	  0.799	
 -0.522	  -0.31	  0.656	  0.799	      1	

posterior probs

  -	0.71	0.00075	0.00017	0.01	
0.71	  -	0.29	0.27	0.27	
0.00075	0.29	  -	  1	  1	
0.00017	0.27	  1	  -	  1	
0.01	0.27	  1	  1	  -	

precisions

   62.8	  -43.1	    1.8	   12.7	  -20.3	
  -43.1	2.39e+03	    1.4	   23.1	   34.5	
    1.8	    1.4	   1.57	  -1.29	  0.786	
   12.7	   23.1	  -1.29	   8.77	    -14	
  -20.3	   34.5	  0.786	    -14	   68.8	

partial correlation coefficients

     -1	  0.116	-0.0392	 -0.522	  0.366	
  0.116	     -1	-0.00497	 -0.155	-0.0683	
-0.0392	-0.00497	     -1	   0.45	 -0.129	
 -0.522	 -0.155	   0.45	     -1	  0.588	
  0.366	-0.0683	 -0.129	  0.588	     -1	

posterior probs

  -	0.6	0.47	0.073	0.84	
0.6	  -	0.49	0.36	0.44	
0.47	0.49	  -	0.89	0.33	
0.073	0.36	0.89	  -	0.96	
0.84	0.44	0.33	0.96	  -	

