entries are in the following order:
dS
omega
body_mass
brain_mass
GI

covariances

  0.348	 -0.124	  -1.52	  -1.29	 -0.188	
 -0.124	 0.0807	  0.639	  0.514	 0.0699	
  -1.52	  0.639	   11.3	   7.53	  0.995	
  -1.29	  0.514	   7.53	   6.09	  0.848	
 -0.188	 0.0699	  0.995	  0.848	   0.17	

correlation coefficients

      1	 -0.753	  -0.78	 -0.902	 -0.787	
 -0.753	      1	  0.698	  0.767	  0.631	
  -0.78	  0.698	      1	  0.906	  0.712	
 -0.902	  0.767	  0.906	      1	  0.828	
 -0.787	  0.631	  0.712	  0.828	      1	

posterior probs

  -	0.07	0.0061	0.00098	0.00085	
0.07	  -	0.92	0.93	0.92	
0.0061	0.92	  -	  1	  1	
0.00098	0.93	  1	  -	  1	
0.00085	0.92	  1	  1	  -	

precisions

    381	    193	 -0.618	   60.7	   25.4	
    193	1.68e+03	  -6.72	  -56.3	  -1.63	
 -0.618	  -6.72	   1.97	  -1.93	  0.667	
   60.7	  -56.3	  -1.93	   23.9	  -4.88	
   25.4	  -1.63	  0.667	  -4.88	   62.6	

partial correlation coefficients

     -1	 -0.291	  0.122	 -0.519	 -0.144	
 -0.291	     -1	 0.0906	  0.278	-0.0438	
  0.122	 0.0906	     -1	    0.4	 -0.083	
 -0.519	  0.278	    0.4	     -1	  0.197	
 -0.144	-0.0438	 -0.083	  0.197	     -1	

posterior probs

  -	0.26	0.61	0.1	0.37	
0.26	  -	0.58	0.74	0.46	
0.61	0.58	  -	0.82	0.39	
0.1	0.74	0.82	  -	0.69	
0.37	0.46	0.39	0.69	  -	

