entries are in the following order:
dS
omega
body_mass
brain_mass
GI

covariances

   0.64	-0.0691	 -0.923	  -1.09	 -0.158	
-0.0691	 0.0581	  0.313	  0.263	 0.0413	
 -0.923	  0.313	   9.24	   6.34	  0.832	
  -1.09	  0.263	   6.34	   5.21	   0.74	
 -0.158	 0.0413	  0.832	   0.74	  0.152	

correlation coefficients

      1	 -0.314	 -0.398	  -0.62	 -0.527	
 -0.314	      1	  0.402	  0.447	  0.414	
 -0.398	  0.402	      1	  0.911	  0.694	
  -0.62	  0.447	  0.911	      1	  0.825	
 -0.527	  0.414	  0.694	  0.825	      1	

posterior probs

  -	0.26	0.098	0.017	0.027	
0.26	  -	0.75	0.76	0.77	
0.098	0.75	  -	  1	  1	
0.017	0.76	  1	  -	  1	
0.027	0.77	  1	  1	  -	

precisions

   54.8	   19.5	  -4.62	   13.4	  -2.24	
   19.5	1.98e+03	  -8.57	  -35.6	  -60.1	
  -4.62	  -8.57	   4.25	  -5.23	   2.83	
   13.4	  -35.6	  -5.23	   16.1	  -9.26	
  -2.24	  -60.1	   2.83	  -9.26	   69.3	

partial correlation coefficients

     -1	-0.0686	  0.439	 -0.527	  0.128	
-0.0686	     -1	 0.0827	  0.185	  0.165	
  0.439	 0.0827	     -1	  0.672	 -0.206	
 -0.527	  0.185	  0.672	     -1	  0.377	
  0.128	  0.165	 -0.206	  0.377	     -1	

posterior probs

  -	0.45	0.87	0.079	0.64	
0.45	  -	0.57	0.66	0.63	
0.87	0.57	  -	0.96	0.26	
0.079	0.66	0.96	  -	0.85	
0.64	0.63	0.26	0.85	  -	

