entries are in the following order:
dS
omega
body_mass
brain_mass
GI

covariances

  0.171	 0.0471	  -1.06	 -0.869	 -0.107	
 0.0471	 0.0633	 -0.388	 -0.334	-0.0449	
  -1.06	 -0.388	   12.8	   8.41	  0.909	
 -0.869	 -0.334	   8.41	   6.71	  0.816	
 -0.107	-0.0449	  0.909	  0.816	  0.167	

correlation coefficients

      1	   0.51	 -0.785	 -0.892	 -0.715	
   0.51	      1	  -0.43	 -0.514	 -0.444	
 -0.785	  -0.43	      1	  0.904	  0.616	
 -0.892	 -0.514	  0.904	      1	  0.766	
 -0.715	 -0.444	  0.616	  0.766	      1	

posterior probs

  -	0.8	0.0096	0.0041	0.0045	
0.8	  -	0.23	0.21	0.19	
0.0096	0.23	  -	  1	  1	
0.0041	0.21	  1	  -	  1	
0.0045	0.19	  1	  1	  -	

precisions

    810	   -183	   3.04	   56.3	   28.8	
   -183	1.83e+03	 -0.953	   35.7	   29.6	
   3.04	 -0.953	   1.95	  -1.86	  0.933	
   56.3	   35.7	  -1.86	   14.6	  -4.87	
   28.8	   29.6	  0.933	  -4.87	   58.1	

partial correlation coefficients

     -1	   0.19	0.00738	 -0.527	-0.0574	
   0.19	     -1	  0.054	 -0.222	-0.0807	
0.00738	  0.054	     -1	  0.427	 -0.149	
 -0.527	 -0.222	  0.427	     -1	   0.24	
-0.0574	-0.0807	 -0.149	   0.24	     -1	

posterior probs

  -	0.66	0.51	0.096	0.46	
0.66	  -	0.54	0.31	0.44	
0.51	0.54	  -	0.84	0.31	
0.096	0.31	0.84	  -	0.73	
0.46	0.44	0.31	0.73	  -	

