entries are in the following order:
dS
omega
body_mass
brain_mass
GI

covariances

  0.542	-0.0342	  -1.72	  -1.44	 -0.182	
-0.0342	 0.0195	  0.163	  0.116	 0.0119	
  -1.72	  0.163	   11.2	   7.42	  0.925	
  -1.44	  0.116	   7.42	   6.15	  0.833	
 -0.182	 0.0119	  0.925	  0.833	  0.172	

correlation coefficients

      1	 -0.276	 -0.713	 -0.807	  -0.61	
 -0.276	      1	   0.31	    0.3	  0.187	
 -0.713	   0.31	      1	  0.891	  0.658	
 -0.807	    0.3	  0.891	      1	  0.804	
  -0.61	  0.187	  0.658	  0.804	      1	

posterior probs

  -	0.31	0.0056	0.002	0.0097	
0.31	  -	0.7	0.69	0.65	
0.0056	0.7	  -	  1	  1	
0.002	0.69	  1	  -	  1	
0.0097	0.65	  1	  1	  -	

precisions

   78.5	   23.8	  0.587	   16.8	   -3.4	
   23.8	2.24e+03	  -7.68	  -14.2	   24.4	
  0.587	  -7.68	   1.38	   -1.2	  0.649	
   16.8	  -14.2	   -1.2	   8.31	  -7.86	
   -3.4	   24.4	  0.649	  -7.86	   45.6	

partial correlation coefficients

     -1	 -0.067	 0.0289	 -0.486	 0.0964	
 -0.067	     -1	  0.139	  0.116	-0.0965	
 0.0289	  0.139	     -1	  0.488	 -0.131	
 -0.486	  0.116	  0.488	     -1	  0.476	
 0.0964	-0.0965	 -0.131	  0.476	     -1	

posterior probs

  -	0.44	0.53	0.098	0.6	
0.44	  -	0.61	0.61	0.42	
0.53	0.61	  -	0.9	0.31	
0.098	0.61	0.9	  -	0.92	
0.6	0.42	0.31	0.92	  -	

