entries are in the following order:
dS
omega
body_mass
brain_mass
GI

covariances

  0.312	 -0.307	  -1.15	  -1.03	 -0.155	
 -0.307	  0.473	   1.89	   1.48	  0.223	
  -1.15	   1.89	   10.2	   6.76	  0.921	
  -1.03	   1.48	   6.76	   5.41	  0.783	
 -0.155	  0.223	  0.921	  0.783	  0.164	

correlation coefficients

      1	 -0.828	 -0.675	 -0.831	 -0.718	
 -0.828	      1	  0.876	  0.952	  0.827	
 -0.675	  0.876	      1	  0.906	  0.705	
 -0.831	  0.952	  0.906	      1	  0.828	
 -0.718	  0.827	  0.705	  0.828	      1	

posterior probs

  -	0.0042	0.023	0.0027	0.004	
0.0042	  -	  1	  1	  1	
0.023	  1	  -	  1	  1	
0.0027	  1	  1	  -	  1	
0.004	  1	  1	  1	  -	

precisions

    456	    138	  -5.67	   53.2	   6.65	
    138	    532	  -11.5	  -90.3	  -57.4	
  -5.67	  -11.5	   3.24	  -2.32	   2.65	
   53.2	  -90.3	  -2.32	   40.5	  -1.58	
   6.65	  -57.4	   2.65	  -1.58	   84.9	

partial correlation coefficients

     -1	 -0.251	  0.306	 -0.396	 0.0398	
 -0.251	     -1	  0.252	  0.504	  0.247	
  0.306	  0.252	     -1	  0.312	 -0.185	
 -0.396	  0.504	  0.312	     -1	  0.102	
 0.0398	  0.247	 -0.185	  0.102	     -1	

posterior probs

  -	0.29	0.76	0.17	0.54	
0.29	  -	0.71	0.88	0.7	
0.76	0.71	  -	0.75	0.28	
0.17	0.88	0.75	  -	0.6	
0.54	0.7	0.28	0.6	  -	

