entries are in the following order:
dS
omega
body_mass
brain_mass
GI

covariances

   4.57	   1.06	-0.0215	 -0.582	-0.0764	
   1.06	   2.01	   1.49	   1.16	  0.163	
-0.0215	   1.49	   7.53	   5.21	  0.686	
 -0.582	   1.16	   5.21	   4.44	  0.645	
-0.0764	  0.163	  0.686	  0.645	  0.138	

correlation coefficients

      1	  0.355	-0.00688	 -0.136	   -0.1	
  0.355	      1	  0.482	  0.481	  0.369	
-0.00688	  0.482	      1	  0.897	  0.667	
 -0.136	  0.481	  0.897	      1	   0.82	
   -0.1	  0.369	  0.667	   0.82	      1	

posterior probs

  -	0.84	0.49	0.27	0.32	
0.84	  -	0.93	0.94	0.91	
0.49	0.93	  -	  1	  1	
0.27	0.94	  1	  -	  1	
0.32	0.91	  1	  1	  -	

precisions

  0.904	   -1.1	 -0.262	  0.832	 -0.954	
   -1.1	    107	  -2.58	   -5.2	   1.54	
 -0.262	  -2.58	    1.5	   -1.7	   1.67	
  0.832	   -5.2	   -1.7	   4.56	  -8.27	
 -0.954	   1.54	   1.67	  -8.27	   38.2	

partial correlation coefficients

     -1	  0.511	  0.251	 -0.397	  0.147	
  0.511	     -1	-0.00453	  0.357	 -0.125	
  0.251	-0.00453	     -1	  0.726	 -0.243	
 -0.397	  0.357	  0.726	     -1	  0.639	
  0.147	 -0.125	 -0.243	  0.639	     -1	

posterior probs

  -	0.9	0.8	0.074	0.7	
0.9	  -	0.46	0.88	0.35	
0.8	0.46	  -	0.98	0.14	
0.074	0.88	0.98	  -	0.99	
0.7	0.35	0.14	0.99	  -	

