entries are in the following order:
dS
omega
body_mass
brain_mass
GI

covariances

  0.487	-0.0686	  -1.41	  -1.31	 -0.179	
-0.0686	 0.0278	  0.346	  0.273	 0.0369	
  -1.41	  0.346	   10.6	    7.1	  0.862	
  -1.31	  0.273	    7.1	   5.79	  0.765	
 -0.179	 0.0369	  0.862	  0.765	  0.156	

correlation coefficients

      1	 -0.579	 -0.639	 -0.802	 -0.668	
 -0.579	      1	  0.638	  0.685	  0.572	
 -0.639	  0.638	      1	  0.906	  0.666	
 -0.802	  0.685	  0.906	      1	  0.801	
 -0.668	  0.572	  0.666	  0.801	      1	

posterior probs

  -	0.11	0.009	0.0008	0.0016	
0.11	  -	0.89	0.9	0.9	
0.009	0.89	  -	  1	  1	
0.0008	0.9	  1	  -	  1	
0.0016	0.9	  1	  1	  -	

precisions

   58.5	   38.5	  -1.97	   12.9	 -0.409	
   38.5	2.05e+03	  -12.2	  -43.3	  -41.5	
  -1.97	  -12.2	   1.91	  -2.13	   1.45	
   12.9	  -43.3	  -2.13	   9.74	  -6.18	
 -0.409	  -41.5	   1.45	  -6.18	   45.3	

partial correlation coefficients

     -1	 -0.104	  0.279	 -0.502	 0.0374	
 -0.104	     -1	  0.171	  0.291	  0.108	
  0.279	  0.171	     -1	   0.57	 -0.181	
 -0.502	  0.291	   0.57	     -1	  0.352	
 0.0374	  0.108	 -0.181	  0.352	     -1	

posterior probs

  -	0.41	0.77	0.085	0.54	
0.41	  -	0.64	0.76	0.59	
0.77	0.64	  -	0.93	0.26	
0.085	0.76	0.93	  -	0.85	
0.54	0.59	0.26	0.85	  -	

