entries are in the following order:
dS
omega
body_mass
brain_mass
GI

covariances

  0.595	-0.0823	 -0.823	 -0.797	-0.0905	
-0.0823	 0.0661	  0.522	  0.412	 0.0593	
 -0.823	  0.522	   8.55	   5.62	  0.717	
 -0.797	  0.412	   5.62	   4.61	  0.644	
-0.0905	 0.0593	  0.717	  0.644	  0.136	

correlation coefficients

      1	 -0.436	 -0.374	 -0.491	 -0.326	
 -0.436	      1	  0.754	  0.812	  0.685	
 -0.374	  0.754	      1	  0.892	  0.658	
 -0.491	  0.812	  0.892	      1	  0.807	
 -0.326	  0.685	  0.658	  0.807	      1	

posterior probs

  -	0.095	0.078	0.029	0.092	
0.095	  -	0.97	0.97	0.97	
0.078	0.97	  -	  1	  1	
0.029	0.97	  1	  -	  1	
0.092	0.97	  1	  1	  -	

precisions

   8.71	   12.7	 -0.681	   1.91	  -3.68	
   12.7	1.19e+03	  -13.8	  -44.5	  -61.1	
 -0.681	  -13.8	   1.78	  -1.26	   1.97	
   1.91	  -44.5	  -1.26	    7.7	  -6.15	
  -3.68	  -61.1	   1.97	  -6.15	   55.1	

partial correlation coefficients

     -1	 -0.108	  0.194	 -0.272	  0.185	
 -0.108	     -1	  0.245	  0.423	  0.188	
  0.194	  0.245	     -1	  0.487	 -0.231	
 -0.272	  0.423	  0.487	     -1	  0.409	
  0.185	  0.188	 -0.231	  0.409	     -1	

posterior probs

  -	0.41	0.72	0.22	0.73	
0.41	  -	0.7	0.84	0.65	
0.72	0.7	  -	0.89	0.2	
0.22	0.84	0.89	  -	0.87	
0.73	0.65	0.2	0.87	  -	

