entries are in the following order:
dS
omega
body_mass
brain_mass
GI

covariances

  0.638	  -0.23	  -1.89	   -1.6	 -0.208	
  -0.23	  0.134	  0.888	  0.711	  0.093	
  -1.89	  0.888	   10.3	   7.01	  0.897	
   -1.6	  0.711	   7.01	   5.77	  0.793	
 -0.208	  0.093	  0.897	  0.793	  0.159	

correlation coefficients

      1	 -0.812	 -0.744	 -0.845	 -0.663	
 -0.812	      1	  0.813	  0.872	  0.697	
 -0.744	  0.813	      1	  0.907	  0.694	
 -0.845	  0.872	  0.907	      1	  0.823	
 -0.663	  0.697	  0.694	  0.823	      1	

posterior probs

  -	0.017	0.0029	0.00037	0.0039	
0.017	  -	0.98	0.98	0.98	
0.0029	0.98	  -	  1	  1	
0.00037	0.98	  1	  -	  1	
0.0039	0.98	  1	  1	  -	

precisions

    122	    104	 -0.788	     23	  -5.76	
    104	1.1e+03	  -10.9	    -60	  -12.2	
 -0.788	  -10.9	    2.1	   -1.6	   1.41	
     23	    -60	   -1.6	   18.8	  -11.1	
  -5.76	  -12.2	   1.41	  -11.1	   57.1	

partial correlation coefficients

     -1	 -0.317	  0.147	 -0.351	  0.113	
 -0.317	     -1	  0.192	  0.415	-0.00262	
  0.147	  0.192	     -1	  0.388	 -0.166	
 -0.351	  0.415	  0.388	     -1	  0.416	
  0.113	-0.00262	 -0.166	  0.416	     -1	

posterior probs

  -	0.25	0.65	0.2	0.62	
0.25	  -	0.66	0.84	0.49	
0.65	0.66	  -	0.82	0.28	
0.2	0.84	0.82	  -	0.85	
0.62	0.49	0.28	0.85	  -	

