entries are in the following order:
dS
omega
body_mass
brain_mass
GI

covariances

  0.581	0.000109	  0.109	 -0.357	 -0.105	
0.000109	  0.129	  0.345	  0.254	 0.0397	
  0.109	  0.345	   8.15	   5.56	  0.733	
 -0.357	  0.254	   5.56	   4.71	  0.689	
 -0.105	 0.0397	  0.733	  0.689	  0.148	

correlation coefficients

      1	-0.0141	 0.0543	 -0.221	  -0.37	
-0.0141	      1	  0.333	  0.331	  0.294	
 0.0543	  0.333	      1	  0.894	  0.662	
 -0.221	  0.331	  0.894	      1	  0.821	
  -0.37	  0.294	  0.662	  0.821	      1	

posterior probs

  -	0.48	0.57	0.24	0.1	
0.48	  -	0.71	0.7	0.7	
0.57	0.71	  -	  1	  1	
0.24	0.7	  1	  -	  1	
0.1	0.7	  1	  1	  -	

precisions

   75.7	   -4.6	  -4.43	   5.44	   10.9	
   -4.6	1.66e+03	  -11.7	  -15.7	  -46.7	
  -4.43	  -11.7	   4.39	  -3.18	  0.134	
   5.44	  -15.7	  -3.18	   9.05	  -4.84	
   10.9	  -46.7	  0.134	  -4.84	   73.4	

partial correlation coefficients

     -1	 0.0669	  0.434	  -0.34	  -0.19	
 0.0669	     -1	  0.136	  0.107	  0.153	
  0.434	  0.136	     -1	  0.619	-0.0515	
  -0.34	  0.107	  0.619	     -1	  0.312	
  -0.19	  0.153	-0.0515	  0.312	     -1	

posterior probs

  -	0.55	0.87	0.18	0.3	
0.55	  -	0.61	0.59	0.62	
0.87	0.61	  -	0.94	0.43	
0.18	0.59	0.94	  -	0.82	
0.3	0.62	0.43	0.82	  -	

