entries are in the following order:
dS
omega
body_mass
brain_mass
GI

covariances

   1.66	 -0.994	  -3.52	  -2.67	 -0.302	
 -0.994	   5.39	   1.84	   1.81	  0.289	
  -3.52	   1.84	   11.7	   7.91	   1.03	
  -2.67	   1.81	   7.91	   6.36	  0.874	
 -0.302	  0.289	   1.03	  0.874	  0.174	

correlation coefficients

      1	 -0.324	 -0.819	 -0.847	 -0.574	
 -0.324	      1	  0.233	  0.316	  0.308	
 -0.819	  0.233	      1	  0.912	  0.713	
 -0.847	  0.316	  0.912	      1	  0.824	
 -0.574	  0.308	  0.713	  0.824	      1	

posterior probs

  -	0.16	0.00083	0.00035	0.025	
0.16	  -	0.81	0.89	0.91	
0.00083	0.81	  -	  1	  1	
0.00035	0.89	  1	  -	  1	
0.025	0.91	  1	  1	  -	

precisions

   41.8	    0.9	   3.23	   13.9	  -13.8	
    0.9	  0.635	  0.179	  0.137	 -0.743	
   3.23	  0.179	   1.68	 -0.768	 -0.181	
   13.9	  0.137	 -0.768	   8.48	  -12.2	
  -13.8	 -0.743	 -0.181	  -12.2	     52	

partial correlation coefficients

     -1	 -0.211	 -0.247	 -0.639	  0.429	
 -0.211	     -1	 -0.172	-0.0183	  0.131	
 -0.247	 -0.172	     -1	  0.371	-0.0264	
 -0.639	-0.0183	  0.371	     -1	   0.63	
  0.429	  0.131	-0.0264	   0.63	     -1	

posterior probs

  -	0.32	0.29	0.035	0.85	
0.32	  -	0.29	0.49	0.67	
0.29	0.29	  -	0.84	0.44	
0.035	0.49	0.84	  -	0.97	
0.85	0.67	0.44	0.97	  -	

