entries are in the following order:
dS
omega
body_mass
brain_mass
GI

covariances

  0.265	 0.0789	  -1.07	 -0.976	 -0.155	
 0.0789	  0.396	  -1.25	 -0.834	 -0.121	
  -1.07	  -1.25	   10.6	   6.98	  0.935	
 -0.976	 -0.834	   6.98	   5.72	  0.813	
 -0.155	 -0.121	  0.935	  0.813	  0.167	

correlation coefficients

      1	  0.492	 -0.688	 -0.844	 -0.783	
  0.492	      1	 -0.736	 -0.698	 -0.597	
 -0.688	 -0.736	      1	  0.894	  0.697	
 -0.844	 -0.698	  0.894	      1	  0.828	
 -0.783	 -0.597	  0.697	  0.828	      1	

posterior probs

  -	0.83	0.019	0.0019	0.0013	
0.83	  -	0.025	0.034	0.043	
0.019	0.025	  -	  1	  1	
0.0019	0.034	  1	  -	  1	
0.0013	0.043	  1	  1	  -	

precisions

    375	    -62	 -0.195	   42.2	   52.4	
    -62	    612	   15.8	   23.2	   31.7	
 -0.195	   15.8	   3.69	   -2.4	   1.38	
   42.2	   23.2	   -2.4	   14.1	  -0.65	
   52.4	   31.7	   1.38	  -0.65	   75.2	

partial correlation coefficients

     -1	 -0.119	 0.0844	 -0.578	 -0.283	
 -0.119	     -1	 -0.355	 -0.192	  -0.17	
 0.0844	 -0.355	     -1	  0.432	 -0.125	
 -0.578	 -0.192	  0.432	     -1	  0.134	
 -0.283	  -0.17	 -0.125	  0.134	     -1	

posterior probs

  -	0.4	0.58	0.069	0.25	
0.4	  -	0.21	0.33	0.34	
0.58	0.21	  -	0.84	0.34	
0.069	0.33	0.84	  -	0.65	
0.25	0.34	0.34	0.65	  -	

