entries are in the following order:
dS
omega
body_mass
brain_mass
GI

covariances

   1.14	-0.0463	  -0.34	 -0.583	-0.0777	
-0.0463	 0.0278	  0.061	 0.0585	 0.0077	
  -0.34	  0.061	   9.72	   6.45	  0.823	
 -0.583	 0.0585	   6.45	   5.52	  0.784	
-0.0777	 0.0077	  0.823	  0.784	  0.168	

correlation coefficients

      1	 -0.199	 -0.114	 -0.248	 -0.188	
 -0.199	      1	  0.112	   0.14	  0.108	
 -0.114	  0.112	      1	  0.878	  0.638	
 -0.248	   0.14	  0.878	      1	   0.81	
 -0.188	  0.108	  0.638	   0.81	      1	

posterior probs

  -	0.33	0.33	0.17	0.22	
0.33	  -	0.58	0.59	0.59	
0.33	0.58	  -	  1	  1	
0.17	0.59	  1	  -	  1	
0.22	0.59	  1	  1	  -	

precisions

   5.02	   16.3	 -0.384	  0.781	 -0.879	
   16.3	1.98e+03	   -1.4	  -5.45	  -2.82	
 -0.384	   -1.4	   1.13	  -1.21	   1.15	
  0.781	  -5.45	  -1.21	    3.4	  -5.83	
 -0.879	  -2.82	   1.15	  -5.83	   38.3	

partial correlation coefficients

     -1	 -0.199	  0.193	 -0.224	 0.0772	
 -0.199	     -1	 0.0287	 0.0582	0.00213	
  0.193	 0.0287	     -1	  0.666	 -0.204	
 -0.224	 0.0582	  0.666	     -1	  0.554	
 0.0772	0.00213	 -0.204	  0.554	     -1	

posterior probs

  -	0.36	0.72	0.25	0.6	
0.36	  -	0.52	0.55	0.5	
0.72	0.52	  -	0.97	0.22	
0.25	0.55	0.97	  -	0.96	
0.6	0.5	0.22	0.96	  -	

