entries are in the following order:
dS
omega
body_mass
brain_mass
GI

covariances

  0.424	-0.0222	 -0.869	 -0.937	 -0.142	
-0.0222	 0.0182	 0.0309	 0.0378	0.00596	
 -0.869	 0.0309	   10.6	   6.89	  0.911	
 -0.937	 0.0378	   6.89	   5.48	  0.775	
 -0.142	0.00596	  0.911	  0.775	  0.164	

correlation coefficients

      1	 -0.207	 -0.428	 -0.637	 -0.559	
 -0.207	      1	 0.0635	  0.106	 0.0997	
 -0.428	 0.0635	      1	  0.902	  0.684	
 -0.637	  0.106	  0.902	      1	  0.813	
 -0.559	 0.0997	  0.684	  0.813	      1	

posterior probs

  -	0.36	0.063	0.0066	0.01	
0.36	  -	0.54	0.56	0.57	
0.063	0.54	  -	  1	  1	
0.0066	0.56	  1	  -	  1	
0.01	0.57	  1	  1	  -	

precisions

   30.9	     33	  -2.15	   7.23	  0.269	
     33	2.24e+03	  0.939	  -5.54	  -7.23	
  -2.15	  0.939	    1.8	  -2.35	  0.859	
   7.23	  -5.54	  -2.35	   6.39	   -5.9	
  0.269	  -7.23	  0.859	   -5.9	   40.1	

partial correlation coefficients

     -1	 -0.165	   0.34	 -0.489	0.00701	
 -0.165	     -1	-0.0155	 0.0219	 0.0146	
   0.34	-0.0155	     -1	   0.71	 -0.126	
 -0.489	 0.0219	   0.71	     -1	  0.415	
0.00701	 0.0146	 -0.126	  0.415	     -1	

posterior probs

  -	0.37	0.83	0.072	0.51	
0.37	  -	0.48	0.52	0.51	
0.83	0.48	  -	0.98	0.32	
0.072	0.52	0.98	  -	0.92	
0.51	0.51	0.32	0.92	  -	

