entries are in the following order:
dS
omega
body_mass
brain_mass
GI

covariances

 0.0836	 0.0144	 -0.527	 -0.432	-0.0683	
 0.0144	  0.999	 -0.337	 -0.271	-0.0472	
 -0.527	 -0.337	   9.05	   6.11	  0.836	
 -0.432	 -0.271	   6.11	   5.09	  0.744	
-0.0683	-0.0472	  0.836	  0.744	  0.158	

correlation coefficients

      1	 0.0734	 -0.632	 -0.694	 -0.627	
 0.0734	      1	-0.0803	-0.0869	-0.0853	
 -0.632	-0.0803	      1	  0.897	  0.694	
 -0.694	-0.0869	  0.897	      1	  0.827	
 -0.627	-0.0853	  0.694	  0.827	      1	

posterior probs

  -	0.55	0.11	0.099	0.1	
0.55	  -	0.45	0.45	0.45	
0.11	0.45	  -	  1	  1	
0.099	0.45	  1	  -	  1	
0.1	0.45	  1	  1	  -	

precisions

1.59e+03	  -19.4	   9.23	   41.1	     80	
  -19.4	1.61e+03	   1.39	      1	   14.1	
   9.23	   1.39	   2.97	  -1.11	   1.06	
   41.1	      1	  -1.11	   13.3	  -4.07	
     80	   14.1	   1.06	  -4.07	    126	

partial correlation coefficients

     -1	 0.0174	-0.0969	 -0.297	 -0.169	
 0.0174	     -1	 -0.022	-0.0242	 -0.044	
-0.0969	 -0.022	     -1	  0.357	 -0.103	
 -0.297	-0.0242	  0.357	     -1	  0.242	
 -0.169	 -0.044	 -0.103	  0.242	     -1	

posterior probs

  -	0.52	0.42	0.26	0.36	
0.52	  -	0.48	0.48	0.47	
0.42	0.48	  -	0.8	0.38	
0.26	0.48	0.8	  -	0.73	
0.36	0.47	0.38	0.73	  -	

