entries are in the following order:
dS
omega
body_mass
brain_mass
GI

covariances

   1.23	 -0.132	   -1.1	 -0.934	 -0.072	
 -0.132	 0.0793	  0.566	  0.448	 0.0622	
   -1.1	  0.566	    9.3	   6.03	  0.744	
 -0.934	  0.448	   6.03	   4.91	  0.672	
 -0.072	 0.0622	  0.744	  0.672	  0.144	

correlation coefficients

      1	  -0.43	 -0.328	 -0.388	  -0.18	
  -0.43	      1	  0.715	  0.779	  0.638	
 -0.328	  0.715	      1	   0.89	  0.636	
 -0.388	  0.779	   0.89	      1	  0.794	
  -0.18	  0.638	  0.636	  0.794	      1	

posterior probs

  -	0.099	0.097	0.061	0.23	
0.099	  -	0.96	0.96	0.96	
0.097	0.96	  -	  1	  1	
0.061	0.96	  1	  -	  1	
0.23	0.96	  1	  1	  -	

precisions

   4.76	   17.6	 -0.381	  0.348	  -3.37	
   17.6	1.02e+03	  -10.7	  -37.6	  -54.2	
 -0.381	  -10.7	   1.54	  -1.13	   1.79	
  0.348	  -37.6	  -1.13	   6.58	  -5.71	
  -3.37	  -54.2	   1.79	  -5.71	   52.4	

partial correlation coefficients

     -1	  -0.27	  0.136	 -0.136	  0.245	
  -0.27	     -1	  0.213	  0.408	   0.19	
  0.136	  0.213	     -1	  0.507	 -0.234	
 -0.136	  0.408	  0.507	     -1	   0.43	
  0.245	   0.19	 -0.234	   0.43	     -1	

posterior probs

  -	0.29	0.65	0.35	0.78	
0.29	  -	0.67	0.83	0.65	
0.65	0.67	  -	0.9	0.2	
0.35	0.83	0.9	  -	0.88	
0.78	0.65	0.2	0.88	  -	

