entries are in the following order:
dS
omega
body_mass
brain_mass
GI

covariances

  0.537	-0.00724	  -1.34	   -1.2	 -0.139	
-0.00724	  0.349	  0.111	 0.0501	 0.0382	
  -1.34	  0.111	   10.1	   6.59	  0.864	
   -1.2	 0.0501	   6.59	   5.47	  0.768	
 -0.139	 0.0382	  0.864	  0.768	  0.162	

correlation coefficients

      1	-0.0535	 -0.599	 -0.724	  -0.49	
-0.0535	      1	  0.196	  0.179	  0.269	
 -0.599	  0.196	      1	  0.884	  0.669	
 -0.724	  0.179	  0.884	      1	  0.813	
  -0.49	  0.269	  0.669	  0.813	      1	

posterior probs

  -	0.46	0.014	0.0017	0.026	
0.46	  -	0.64	0.62	0.75	
0.014	0.64	  -	  1	  1	
0.0017	0.62	  1	  -	  1	
0.026	0.75	  1	  1	  -	

precisions

   37.2	  -10.8	 -0.183	   8.97	  -7.78	
  -10.8	    621	  -3.73	  -6.38	  -22.2	
 -0.183	  -3.73	   1.13	  -1.43	   1.54	
   8.97	  -6.38	  -1.43	   5.75	  -9.31	
  -7.78	  -22.2	   1.54	  -9.31	   45.5	

partial correlation coefficients

     -1	 0.0922	  0.133	 -0.572	  0.264	
 0.0922	     -1	  0.151	-0.0128	  0.226	
  0.133	  0.151	     -1	  0.624	 -0.218	
 -0.572	-0.0128	  0.624	     -1	  0.606	
  0.264	  0.226	 -0.218	  0.606	     -1	

posterior probs

  -	0.58	0.65	0.036	0.79	
0.58	  -	0.65	0.47	0.74	
0.65	0.65	  -	0.96	0.21	
0.036	0.47	0.96	  -	0.97	
0.79	0.74	0.21	0.97	  -	

