entries are in the following order:
dS
omega
body_mass
brain_mass
GI

covariances

    1.8	 0.0539	 -0.906	   -1.1	 -0.204	
 0.0539	  0.158	  0.175	 0.0816	0.00379	
 -0.906	  0.175	   8.57	   5.71	  0.766	
   -1.1	 0.0816	   5.71	   4.65	  0.655	
 -0.204	0.00379	  0.766	  0.655	  0.141	

correlation coefficients

      1	  0.146	 -0.248	   -0.4	 -0.423	
  0.146	      1	   0.13	 0.0777	 0.0158	
 -0.248	   0.13	      1	  0.901	  0.691	
   -0.4	 0.0777	  0.901	      1	  0.805	
 -0.423	 0.0158	  0.691	  0.805	      1	

posterior probs

  -	0.62	0.15	0.042	0.033	
0.62	  -	0.61	0.57	0.52	
0.15	0.61	  -	  1	  1	
0.042	0.57	  1	  -	  1	
0.033	0.52	  1	  1	  -	

precisions

   4.23	  -13.2	-0.0464	   1.03	   1.05	
  -13.2	1.88e+03	  -4.52	  -2.05	   7.43	
-0.0464	  -4.52	   1.41	   -1.4	  0.237	
   1.03	  -2.05	   -1.4	   3.69	  -4.79	
   1.05	   7.43	  0.237	  -4.79	   41.2	

partial correlation coefficients

     -1	  0.255	  0.141	 -0.253	 -0.101	
  0.255	     -1	  0.129	 0.0454	-0.0414	
  0.141	  0.129	     -1	  0.664	-0.0507	
 -0.253	 0.0454	  0.664	     -1	  0.422	
 -0.101	-0.0414	-0.0507	  0.422	     -1	

posterior probs

  -	0.69	0.68	0.21	0.37	
0.69	  -	0.62	0.55	0.46	
0.68	0.62	  -	0.98	0.41	
0.21	0.55	0.98	  -	0.94	
0.37	0.46	0.41	0.94	  -	

