entries are in the following order:
dS
omega
body_mass
brain_mass
GI

covariances

  0.126	 0.0743	 -0.525	 -0.475	-0.0811	
 0.0743	   4.56	 -0.372	 -0.425	-0.0953	
 -0.525	 -0.372	   9.18	   6.18	  0.816	
 -0.475	 -0.425	   6.18	   4.92	  0.695	
-0.0811	-0.0953	  0.816	  0.695	  0.144	

correlation coefficients

      1	  0.136	 -0.574	 -0.691	 -0.683	
  0.136	      1	 -0.112	 -0.143	 -0.164	
 -0.574	 -0.112	      1	  0.917	  0.704	
 -0.691	 -0.143	  0.917	      1	  0.822	
 -0.683	 -0.164	  0.704	  0.822	      1	

posterior probs

  -	0.59	0.11	0.069	0.05	
0.59	  -	0.42	0.41	0.4	
0.11	0.42	  -	  1	  1	
0.069	0.41	  1	  -	  1	
0.05	0.4	  1	  1	  -	

precisions

1.03e+03	  -37.1	  0.739	   37.9	   96.3	
  -37.1	1.67e+03	 0.0895	   7.53	   26.9	
  0.739	 0.0895	    3.2	  -2.35	 -0.258	
   37.9	   7.53	  -2.35	     13	  -3.35	
   96.3	   26.9	 -0.258	  -3.35	    139	

partial correlation coefficients

     -1	 0.0539	 0.0902	 -0.359	 -0.244	
 0.0539	     -1	 0.0277	-0.0567	-0.0913	
 0.0902	 0.0277	     -1	  0.499	-0.0511	
 -0.359	-0.0567	  0.499	     -1	    0.2	
 -0.244	-0.0913	-0.0511	    0.2	     -1	

posterior probs

  -	0.55	0.59	0.2	0.3	
0.55	  -	0.53	0.45	0.43	
0.59	0.53	  -	0.88	0.43	
0.2	0.45	0.88	  -	0.7	
0.3	0.43	0.43	0.7	  -	

