entries are in the following order:
dS
omega
body_mass
brain_mass
GI

covariances

  0.586	  0.298	 -0.538	 -0.994	 -0.133	
  0.298	  0.373	  0.186	 -0.391	-0.0798	
 -0.538	  0.186	   11.2	   7.45	  0.859	
 -0.994	 -0.391	   7.45	   6.15	  0.794	
 -0.133	-0.0798	  0.859	  0.794	  0.165	

correlation coefficients

      1	  0.725	 -0.226	 -0.548	 -0.446	
  0.725	      1	 0.0844	 -0.276	 -0.338	
 -0.226	 0.0844	      1	  0.895	  0.625	
 -0.548	 -0.276	  0.895	      1	  0.782	
 -0.446	 -0.338	  0.625	  0.782	      1	

posterior probs

  -	0.98	0.22	0.016	0.033	
0.98	  -	0.61	0.19	0.1	
0.22	0.61	  -	  1	  1	
0.016	0.19	  1	  -	  1	
0.033	0.1	  1	  1	  -	

precisions

    132	   -121	  -4.45	   17.8	  -15.8	
   -121	    293	    -17	   15.7	   9.64	
  -4.45	    -17	   8.12	  -11.7	   4.26	
   17.8	   15.7	  -11.7	   20.2	  -13.6	
  -15.8	   9.64	   4.26	  -13.6	   44.6	

partial correlation coefficients

     -1	  0.531	  0.231	 -0.423	  0.284	
  0.531	     -1	   0.48	 -0.301	 -0.104	
  0.231	   0.48	     -1	  0.893	 -0.223	
 -0.423	 -0.301	  0.893	     -1	  0.461	
  0.284	 -0.104	 -0.223	  0.461	     -1	

posterior probs

  -	0.89	0.73	0.12	0.76	
0.89	  -	0.89	0.22	0.4	
0.73	0.89	  -	  1	0.26	
0.12	0.22	  1	  -	0.93	
0.76	0.4	0.26	0.93	  -	

