entries are in the following order:
dS
omega
body_mass
brain_mass
GI

covariances

  0.529	-0.00647	  -1.33	  -1.19	 -0.138	
-0.00647	  0.347	 0.0981	 0.0422	 0.0374	
  -1.33	 0.0981	   10.1	   6.58	  0.865	
  -1.19	 0.0422	   6.58	   5.46	  0.769	
 -0.138	 0.0374	  0.865	  0.769	  0.162	

correlation coefficients

      1	-0.0577	 -0.602	 -0.726	 -0.493	
-0.0577	      1	  0.196	  0.182	  0.273	
 -0.602	  0.196	      1	  0.884	   0.67	
 -0.726	  0.182	  0.884	      1	  0.813	
 -0.493	  0.273	   0.67	  0.813	      1	

posterior probs

  -	0.46	0.015	0.0022	0.027	
0.46	  -	0.64	0.62	0.75	
0.015	0.64	  -	  1	  1	
0.0022	0.62	  1	  -	  1	
0.027	0.75	  1	  1	  -	

precisions

   41.6	  -9.73	 -0.301	   9.89	  -7.89	
  -9.73	    630	   -3.4	  -7.02	  -22.8	
 -0.301	   -3.4	   1.11	  -1.45	   1.58	
   9.89	  -7.02	  -1.45	   6.02	  -9.38	
  -7.89	  -22.8	   1.58	  -9.38	   45.9	

partial correlation coefficients

     -1	 0.0863	  0.135	 -0.571	   0.26	
 0.0863	     -1	  0.144	-0.00689	   0.23	
  0.135	  0.144	     -1	  0.623	 -0.218	
 -0.571	-0.00689	  0.623	     -1	  0.601	
   0.26	   0.23	 -0.218	  0.601	     -1	

posterior probs

  -	0.57	0.65	0.037	0.78	
0.57	  -	0.64	0.48	0.74	
0.65	0.64	  -	0.96	0.21	
0.037	0.48	0.96	  -	0.97	
0.78	0.74	0.21	0.97	  -	

