entries are in the following order:
dS
omega
body_mass
brain_mass
GI

covariances

    1.9	 0.0509	 -0.292	 -0.757	 -0.119	
 0.0509	 0.0921	 -0.606	 -0.457	-0.0647	
 -0.292	 -0.606	   8.09	   5.33	  0.686	
 -0.757	 -0.457	   5.33	   4.37	  0.625	
 -0.119	-0.0647	  0.686	  0.625	  0.138	

correlation coefficients

      1	  0.167	-0.0862	 -0.273	 -0.238	
  0.167	      1	 -0.752	 -0.779	 -0.631	
-0.0862	 -0.752	      1	  0.893	  0.644	
 -0.273	 -0.779	  0.893	      1	  0.801	
 -0.238	 -0.631	  0.644	  0.801	      1	

posterior probs

  -	0.7	0.36	0.12	0.15	
0.7	  -	0.05	0.049	0.056	
0.36	0.05	  -	  1	  1	
0.12	0.049	  1	  -	  1	
0.15	0.056	  1	  1	  -	

precisions

   1.91	  -2.04	 -0.505	  0.856	 -0.781	
  -2.04	1.15e+03	   19.9	   39.7	   41.4	
 -0.505	   19.9	   2.79	  -1.38	   1.95	
  0.856	   39.7	  -1.38	    7.9	  -6.02	
 -0.781	   41.4	   1.95	  -6.02	   50.1	

partial correlation coefficients

     -1	 0.0286	  0.275	  -0.28	 0.0759	
 0.0286	     -1	 -0.337	 -0.393	 -0.121	
  0.275	 -0.337	     -1	  0.463	 -0.218	
  -0.28	 -0.393	  0.463	     -1	  0.415	
 0.0759	 -0.121	 -0.218	  0.415	     -1	

posterior probs

  -	0.52	0.79	0.21	0.6	
0.52	  -	0.24	0.19	0.4	
0.79	0.24	  -	0.87	0.22	
0.21	0.19	0.87	  -	0.88	
0.6	0.4	0.22	0.88	  -	

