entries are in the following order:
dS
omega
body_mass
brain_mass
GI

covariances

   4.86	  0.052	  -1.88	  -1.74	 -0.264	
  0.052	 0.0391	 -0.231	  -0.18	-0.0271	
  -1.88	 -0.231	   8.95	   6.14	  0.821	
  -1.74	  -0.18	   6.14	   5.05	  0.722	
 -0.264	-0.0271	  0.821	  0.722	  0.148	

correlation coefficients

      1	  0.121	 -0.286	 -0.355	 -0.316	
  0.121	      1	 -0.363	 -0.379	 -0.338	
 -0.286	 -0.363	      1	  0.911	  0.708	
 -0.355	 -0.379	  0.911	      1	  0.832	
 -0.316	 -0.338	  0.708	  0.832	      1	

posterior probs

  -	0.64	0.11	0.061	0.085	
0.64	  -	0.27	0.27	0.27	
0.11	0.27	  -	  1	  1	
0.061	0.27	  1	  -	  1	
0.085	0.27	  1	  1	  -	

precisions

  0.678	-0.0573	-0.0649	  0.245	  0.058	
-0.0573	1.85e+03	   7.65	   16.1	   38.1	
-0.0649	   7.65	   1.71	  -1.41	   1.26	
  0.245	   16.1	  -1.41	   4.75	  -5.92	
  0.058	   38.1	   1.26	  -5.92	   52.1	

partial correlation coefficients

     -1	-0.0117	 0.0724	 -0.146	-0.0102	
-0.0117	     -1	  -0.13	  -0.16	 -0.114	
 0.0724	  -0.13	     -1	  0.612	 -0.167	
 -0.146	  -0.16	  0.612	     -1	  0.464	
-0.0102	 -0.114	 -0.167	  0.464	     -1	

posterior probs

  -	0.49	0.59	0.32	0.48	
0.49	  -	0.4	0.37	0.41	
0.59	0.4	  -	0.95	0.26	
0.32	0.37	0.95	  -	0.92	
0.48	0.41	0.26	0.92	  -	

