entries are in the following order:
dS
omega
body_mass
brain_mass
GI

covariances

  0.304	 -0.305	  -1.15	  -1.03	 -0.154	
 -0.305	  0.474	   1.89	   1.49	  0.223	
  -1.15	   1.89	   10.2	   6.76	   0.92	
  -1.03	   1.49	   6.76	   5.41	  0.783	
 -0.154	  0.223	   0.92	  0.783	  0.164	

correlation coefficients

      1	 -0.835	 -0.685	  -0.84	 -0.727	
 -0.835	      1	  0.877	  0.952	  0.826	
 -0.685	  0.877	      1	  0.906	  0.704	
  -0.84	  0.952	  0.906	      1	  0.827	
 -0.727	  0.826	  0.704	  0.827	      1	

posterior probs

  -	0.0041	0.02	0.0024	0.0039	
0.0041	  -	  1	  1	  1	
0.02	  1	  -	  1	  1	
0.0024	  1	  1	  -	  1	
0.0039	  1	  1	  1	  -	

precisions

    492	    148	  -6.36	   54.7	   8.27	
    148	    533	  -12.1	    -89	  -54.6	
  -6.36	  -12.1	   3.36	  -2.45	   2.47	
   54.7	    -89	  -2.45	   40.5	  -1.13	
   8.27	  -54.6	   2.47	  -1.13	   81.7	

partial correlation coefficients

     -1	 -0.259	  0.301	 -0.399	   0.03	
 -0.259	     -1	  0.258	  0.497	  0.236	
  0.301	  0.258	     -1	  0.308	 -0.178	
 -0.399	  0.497	  0.308	     -1	 0.0996	
   0.03	  0.236	 -0.178	 0.0996	     -1	

posterior probs

  -	0.28	0.76	0.17	0.54	
0.28	  -	0.71	0.88	0.7	
0.76	0.71	  -	0.75	0.29	
0.17	0.88	0.75	  -	0.6	
0.54	0.7	0.29	0.6	  -	

