entries are in the following order:
dS
omega
body_mass
brain_mass
GI

covariances

   1.23	 -0.244	  -1.48	  -1.54	 -0.147	
 -0.244	  0.245	   1.27	  0.909	  0.127	
  -1.48	   1.27	   9.05	   6.09	  0.773	
  -1.54	  0.909	   6.09	   4.93	  0.695	
 -0.147	  0.127	  0.773	  0.695	  0.146	

correlation coefficients

      1	 -0.441	 -0.446	  -0.63	  -0.35	
 -0.441	      1	  0.894	  0.877	  0.721	
 -0.446	  0.894	      1	  0.909	  0.666	
  -0.63	  0.877	  0.909	      1	  0.814	
  -0.35	  0.721	  0.666	  0.814	      1	

posterior probs

  -	0.075	0.033	0.002	0.059	
0.075	  -	  1	  1	  1	
0.033	  1	  -	  1	  1	
0.002	  1	  1	  -	  1	
0.059	  1	  1	  1	  -	

precisions

   9.79	  -9.56	  -1.83	   8.39	  -13.6	
  -9.56	    702	  -43.8	  -51.7	  -60.8	
  -1.83	  -43.8	    8.4	  -3.76	   9.73	
   8.39	  -51.7	  -3.76	   20.6	  -22.2	
  -13.6	  -60.8	   9.73	  -22.2	    106	

partial correlation coefficients

     -1	 0.0986	  0.343	 -0.629	  0.466	
 0.0986	     -1	  0.548	  0.306	  0.179	
  0.343	  0.548	     -1	  0.424	 -0.432	
 -0.629	  0.306	  0.424	     -1	  0.562	
  0.466	  0.179	 -0.432	  0.562	     -1	

posterior probs

  -	0.59	0.8	0.045	0.9	
0.59	  -	0.89	0.76	0.65	
0.8	0.89	  -	0.85	0.12	
0.045	0.76	0.85	  -	0.92	
0.9	0.65	0.12	0.92	  -	

