entries are in the following order:
dS
omega
body_mass
brain_mass
GI

covariances

  0.732	 -0.111	  -2.27	  -1.81	 -0.252	
 -0.111	 0.0414	  0.397	  0.304	 0.0413	
  -2.27	  0.397	   10.7	   7.24	  0.939	
  -1.81	  0.304	   7.24	   5.84	  0.819	
 -0.252	 0.0413	  0.939	  0.819	  0.166	

correlation coefficients

      1	 -0.622	 -0.813	 -0.885	 -0.726	
 -0.622	      1	  0.596	  0.623	  0.508	
 -0.813	  0.596	      1	  0.911	  0.695	
 -0.885	  0.623	  0.911	      1	  0.826	
 -0.726	  0.508	  0.695	  0.826	      1	

posterior probs

  -	0.13	0.0009	0.0001	0.0012	
0.13	  -	0.86	0.86	0.85	
0.0009	0.86	  -	  1	  1	
0.0001	0.86	  1	  -	  1	
0.0012	0.85	  1	  1	  -	

precisions

    127	   94.5	   3.77	   27.4	   2.88	
   94.5	1.99e+03	  -11.1	  -30.3	  -18.1	
   3.77	  -11.1	   2.41	 -0.997	   1.22	
   27.4	  -30.3	 -0.997	   14.1	     -7	
   2.88	  -18.1	   1.22	     -7	   53.8	

partial correlation coefficients

     -1	 -0.248	 -0.054	 -0.464	-0.00579	
 -0.248	     -1	  0.149	  0.164	 0.0244	
 -0.054	  0.149	     -1	  0.381	 -0.159	
 -0.464	  0.164	  0.381	     -1	  0.373	
-0.00579	 0.0244	 -0.159	  0.373	     -1	

posterior probs

  -	0.3	0.46	0.12	0.5	
0.3	  -	0.62	0.64	0.52	
0.46	0.62	  -	0.82	0.28	
0.12	0.64	0.82	  -	0.85	
0.5	0.52	0.28	0.85	  -	

