entries are in the following order:
dS
omega
body_mass
brain_mass
GI

covariances

  0.597	-0.0867	 -0.838	 -0.811	-0.0924	
-0.0867	 0.0695	   0.53	  0.419	 0.0603	
 -0.838	   0.53	   8.51	   5.59	  0.714	
 -0.811	  0.419	   5.59	   4.59	  0.641	
-0.0924	 0.0603	  0.714	  0.641	  0.136	

correlation coefficients

      1	 -0.438	  -0.38	 -0.499	  -0.33	
 -0.438	      1	  0.742	  0.802	  0.676	
  -0.38	  0.742	      1	  0.892	  0.658	
 -0.499	  0.802	  0.892	      1	  0.807	
  -0.33	  0.676	  0.658	  0.807	      1	

posterior probs

  -	0.099	0.075	0.026	0.088	
0.099	  -	0.96	0.96	0.96	
0.075	0.96	  -	  1	  1	
0.026	0.96	  1	  -	  1	
0.088	0.96	  1	  1	  -	

precisions

   8.32	   12.2	 -0.704	    1.8	  -3.73	
   12.2	1.18e+03	  -12.9	  -45.2	  -57.6	
 -0.704	  -12.9	   1.76	  -1.28	   1.95	
    1.8	  -45.2	  -1.28	   7.94	   -6.3	
  -3.73	  -57.6	   1.95	   -6.3	   55.1	

partial correlation coefficients

     -1	 -0.113	    0.2	 -0.269	   0.19	
 -0.113	     -1	  0.237	  0.429	  0.179	
    0.2	  0.237	     -1	  0.484	 -0.232	
 -0.269	  0.429	  0.484	     -1	  0.413	
   0.19	  0.179	 -0.232	  0.413	     -1	

posterior probs

  -	0.41	0.72	0.22	0.73	
0.41	  -	0.69	0.84	0.65	
0.72	0.69	  -	0.89	0.2	
0.22	0.84	0.89	  -	0.87	
0.73	0.65	0.2	0.87	  -	

