entries are in the following order:
dS
omega
body_mass
brain_mass
GI

covariances

   0.49	-0.0151	  -1.62	  -1.42	 -0.194	
-0.0151	 0.0184	 0.0419	 0.0406	0.00702	
  -1.62	 0.0419	   10.6	   6.99	  0.892	
  -1.42	 0.0406	   6.99	   5.66	   0.78	
 -0.194	0.00702	  0.892	   0.78	  0.164	

correlation coefficients

      1	 -0.122	 -0.726	 -0.877	 -0.702	
 -0.122	      1	 0.0875	  0.116	  0.117	
 -0.726	 0.0875	      1	  0.898	  0.668	
 -0.877	  0.116	  0.898	      1	  0.804	
 -0.702	  0.117	  0.668	  0.804	      1	

posterior probs

  -	0.42	0.0021	9.8e-05	0.0011	
0.42	  -	0.56	0.57	0.58	
0.0021	0.56	  -	  1	  1	
9.8e-05	0.57	  1	  -	  1	
0.0011	0.58	  1	  1	  -	

precisions

    139	   15.7	  -2.38	   32.8	  -1.05	
   15.7	2.47e+03	  0.886	  -7.54	  -22.6	
  -2.38	  0.886	   1.92	   -2.7	   1.26	
   32.8	  -7.54	   -2.7	   15.1	  -7.87	
  -1.05	  -22.6	   1.26	  -7.87	   51.4	

partial correlation coefficients

     -1	-0.0463	  0.226	 -0.645	 0.0696	
-0.0463	     -1	-0.0197	 0.0368	 0.0621	
  0.226	-0.0197	     -1	  0.554	 -0.155	
 -0.645	 0.0368	  0.554	     -1	  0.349	
 0.0696	 0.0621	 -0.155	  0.349	     -1	

posterior probs

  -	0.46	0.71	0.035	0.58	
0.46	  -	0.48	0.53	0.55	
0.71	0.48	  -	0.91	0.3	
0.035	0.53	0.91	  -	0.83	
0.58	0.55	0.3	0.83	  -	

