entries are in the following order:
dS
omega
body_mass
brain_mass
GI

covariances

  0.658	   0.11	 -0.999	     -1	 -0.123	
   0.11	  0.102	 -0.661	 -0.505	-0.0709	
 -0.999	 -0.661	   10.4	   6.93	   0.93	
     -1	 -0.505	   6.93	   5.73	  0.817	
 -0.123	-0.0709	   0.93	  0.817	   0.17	

correlation coefficients

      1	  0.503	 -0.395	  -0.53	 -0.377	
  0.503	      1	 -0.725	 -0.752	  -0.62	
 -0.395	 -0.725	      1	  0.897	  0.693	
  -0.53	 -0.752	  0.897	      1	  0.823	
 -0.377	  -0.62	  0.693	  0.823	      1	

posterior probs

  -	0.94	0.06	0.014	0.055	
0.94	  -	0.023	0.021	0.033	
0.06	0.023	  -	  1	  1	
0.014	0.021	  1	  -	  1	
0.055	0.033	  1	  1	  -	

precisions

   11.6	    -24	  -1.05	   1.49	  -3.77	
    -24	    663	   13.1	   20.2	   31.4	
  -1.05	   13.1	   1.66	  -1.18	   1.39	
   1.49	   20.2	  -1.18	   4.62	  -5.74	
  -3.77	   31.4	   1.39	  -5.74	   39.9	

partial correlation coefficients

     -1	  0.313	  0.279	 -0.302	  0.188	
  0.313	     -1	 -0.337	 -0.213	 -0.122	
  0.279	 -0.337	     -1	   0.56	 -0.193	
 -0.302	 -0.213	   0.56	     -1	  0.499	
  0.188	 -0.122	 -0.193	  0.499	     -1	

posterior probs

  -	0.76	0.79	0.19	0.72	
0.76	  -	0.21	0.32	0.4	
0.79	0.21	  -	0.93	0.24	
0.19	0.32	0.93	  -	0.94	
0.72	0.4	0.24	0.94	  -	

