entries are in the following order:
dS
omega
body_mass
brain_mass
GI

covariances

   2.04	-0.0664	  -1.44	  -1.46	 -0.139	
-0.0664	 0.0906	  0.325	  0.253	 0.0383	
  -1.44	  0.325	   9.43	   6.23	  0.788	
  -1.46	  0.253	   6.23	   4.98	  0.703	
 -0.139	 0.0383	  0.788	  0.703	  0.153	

correlation coefficients

      1	 -0.122	 -0.335	 -0.464	 -0.254	
 -0.122	      1	  0.286	  0.309	  0.273	
 -0.335	  0.286	      1	  0.908	  0.652	
 -0.464	  0.309	  0.908	      1	  0.803	
 -0.254	  0.273	  0.652	  0.803	      1	

posterior probs

  -	0.37	0.078	0.017	0.12	
0.37	  -	0.67	0.68	0.68	
0.078	0.67	  -	  1	  1	
0.017	0.68	  1	  -	  1	
0.12	0.68	  1	  1	  -	

precisions

   2.24	 0.0905	 -0.459	   1.31	  -2.47	
 0.0905	1.76e+03	  -5.28	  -17.1	  -28.3	
 -0.459	  -5.28	      2	  -1.86	    2.5	
   1.31	  -17.1	  -1.86	   7.65	  -8.38	
  -2.47	  -28.3	    2.5	  -8.38	   58.4	

partial correlation coefficients

     -1	-0.000334	  0.259	 -0.383	  0.261	
-0.000334	     -1	 0.0845	  0.158	 0.0993	
  0.259	 0.0845	     -1	  0.623	 -0.294	
 -0.383	  0.158	  0.623	     -1	  0.514	
  0.261	 0.0993	 -0.294	  0.514	     -1	

posterior probs

  -	0.5	0.79	0.12	0.8	
0.5	  -	0.56	0.63	0.58	
0.79	0.56	  -	0.94	0.16	
0.12	0.63	0.94	  -	0.92	
0.8	0.58	0.16	0.92	  -	

