entries are in the following order:
dS
omega
body_mass
brain_mass
GI

covariances

   2.76	 -0.161	  -3.45	  -2.95	 -0.262	
 -0.161	 0.0435	  0.388	   0.31	 0.0413	
  -3.45	  0.388	   11.3	   7.45	  0.759	
  -2.95	   0.31	   7.45	   5.87	  0.714	
 -0.262	 0.0413	  0.759	  0.714	   0.15	

correlation coefficients

      1	 -0.458	 -0.615	 -0.735	  -0.41	
 -0.458	      1	  0.552	  0.618	   0.52	
 -0.615	  0.552	      1	  0.912	  0.576	
 -0.735	  0.618	  0.912	      1	  0.754	
  -0.41	   0.52	  0.576	  0.754	      1	

posterior probs

  -	0.16	0.0065	0.00039	0.037	
0.16	  -	0.85	0.86	0.87	
0.0065	0.85	  -	  1	  1	
0.00039	0.86	  1	  -	  1	
0.037	0.87	  1	  1	  -	

precisions

   4.07	   9.29	  -0.85	   3.07	  -6.26	
   9.29	1.92e+03	  -7.88	  -44.2	  -74.7	
  -0.85	  -7.88	   2.03	  -2.76	   4.17	
   3.07	  -44.2	  -2.76	   10.9	  -13.3	
  -6.26	  -74.7	   4.17	  -13.3	   73.5	

partial correlation coefficients

     -1	  -0.09	  0.321	 -0.514	  0.397	
  -0.09	     -1	  0.093	  0.287	  0.187	
  0.321	  0.093	     -1	  0.649	 -0.397	
 -0.514	  0.287	  0.649	     -1	  0.547	
  0.397	  0.187	 -0.397	  0.547	     -1	

posterior probs

  -	0.43	0.82	0.08	0.87	
0.43	  -	0.58	0.75	0.65	
0.82	0.58	  -	0.96	0.11	
0.08	0.75	0.96	  -	0.93	
0.87	0.65	0.11	0.93	  -	

