entries are in the following order:
dS
omega
body_mass
brain_mass
GI

covariances

  0.423	 0.0145	  -1.38	  -1.23	 -0.174	
 0.0145	 0.0517	 -0.154	 -0.109	-0.0162	
  -1.38	 -0.154	   9.71	   6.55	  0.892	
  -1.23	 -0.109	   6.55	   5.47	  0.789	
 -0.174	-0.0162	  0.892	  0.789	  0.163	

correlation coefficients

      1	  0.114	 -0.712	 -0.841	 -0.688	
  0.114	      1	  -0.18	  -0.17	 -0.148	
 -0.712	  -0.18	      1	  0.896	  0.701	
 -0.841	  -0.17	  0.896	      1	   0.83	
 -0.688	 -0.148	  0.701	   0.83	      1	

posterior probs

  -	0.58	0.01	0.0012	0.0073	
0.58	  -	0.39	0.4	0.4	
0.01	0.39	  -	  1	  1	
0.0012	0.4	  1	  -	  1	
0.0073	0.4	  1	  1	  -	

precisions

    209	  -10.2	  0.067	   36.6	   3.35	
  -10.2	2.1e+03	   7.22	   9.82	   15.3	
  0.067	   7.22	    2.2	  -2.01	   1.14	
   36.6	   9.82	  -2.01	   15.6	   -7.3	
   3.35	   15.3	   1.14	   -7.3	   61.9	

partial correlation coefficients

     -1	-0.0196	  0.104	 -0.559	 0.0399	
-0.0196	     -1	 -0.109	-0.0527	-0.0431	
  0.104	 -0.109	     -1	  0.455	 -0.126	
 -0.559	-0.0527	  0.455	     -1	   0.34	
 0.0399	-0.0431	 -0.126	   0.34	     -1	

posterior probs

  -	0.49	0.6	0.072	0.55	
0.49	  -	0.41	0.45	0.47	
0.6	0.41	  -	0.86	0.33	
0.072	0.45	0.86	  -	0.81	
0.55	0.47	0.33	0.81	  -	

