entries are in the following order:
dS
omega
body_mass
brain_mass
GI

covariances

  0.304	-0.0619	  -1.48	  -1.11	 -0.133	
-0.0619	 0.0539	    0.3	  0.258	  0.034	
  -1.48	    0.3	   10.6	   7.07	  0.903	
  -1.11	  0.258	   7.07	   5.82	  0.788	
 -0.133	  0.034	  0.903	  0.788	   0.16	

correlation coefficients

      1	 -0.419	 -0.865	 -0.884	 -0.645	
 -0.419	      1	  0.372	  0.434	  0.351	
 -0.865	  0.372	      1	  0.895	  0.687	
 -0.884	  0.434	  0.895	      1	  0.814	
 -0.645	  0.351	  0.687	  0.814	      1	

posterior probs

  -	0.25	0.00096	0.0011	0.012	
0.25	  -	0.73	0.75	0.75	
0.00096	0.73	  -	  1	  1	
0.0011	0.75	  1	  -	  1	
0.012	0.75	  1	  1	  -	

precisions

    410	    105	     14	   43.1	  -17.1	
    105	1.96e+03	  0.466	  -32.5	  -10.7	
     14	  0.466	    3.2	 -0.743	 -0.615	
   43.1	  -32.5	 -0.743	   14.7	  -11.3	
  -17.1	  -10.7	 -0.615	  -11.3	   68.7	

partial correlation coefficients

     -1	 -0.139	 -0.312	 -0.481	  0.183	
 -0.139	     -1	-0.0542	  0.218	 0.0204	
 -0.312	-0.0542	     -1	  0.217	 -0.011	
 -0.481	  0.218	  0.217	     -1	   0.42	
  0.183	 0.0204	 -0.011	   0.42	     -1	

posterior probs

  -	0.38	0.25	0.12	0.67	
0.38	  -	0.46	0.69	0.52	
0.25	0.46	  -	0.7	0.47	
0.12	0.69	0.7	  -	0.86	
0.67	0.52	0.47	0.86	  -	

