entries are in the following order:
dS
omega
body_mass
brain_mass
GI

covariances

   1.75	0.00548	   1.07	  0.405	-0.0302	
0.00548	 0.0322	  0.214	  0.172	 0.0289	
   1.07	  0.214	   8.61	    5.7	  0.766	
  0.405	  0.172	    5.7	   4.74	  0.695	
-0.0302	 0.0289	  0.766	  0.695	   0.15	

correlation coefficients

      1	 0.0184	  0.279	  0.139	-0.0672	
 0.0184	      1	   0.37	  0.401	  0.385	
  0.279	   0.37	      1	  0.888	  0.669	
  0.139	  0.401	  0.888	      1	   0.82	
-0.0672	  0.385	  0.669	   0.82	      1	

posterior probs

  -	0.53	0.86	0.71	0.4	
0.53	  -	0.74	0.75	0.76	
0.86	0.74	  -	  1	  1	
0.71	0.75	  1	  -	  1	
0.4	0.76	  1	  1	  -	

precisions

   2.43	  0.582	 -0.409	 0.0814	    2.1	
  0.582	1.88e+03	  -7.83	  -13.9	  -63.7	
 -0.409	  -7.83	   1.59	   -1.2	   0.73	
 0.0814	  -13.9	   -1.2	   4.06	   -5.4	
    2.1	  -63.7	   0.73	   -5.4	   57.4	

partial correlation coefficients

     -1	-0.00874	  0.231	 -0.019	 -0.208	
-0.00874	     -1	  0.132	   0.14	  0.201	
  0.231	  0.132	     -1	  0.574	-0.0995	
 -0.019	   0.14	  0.574	     -1	  0.451	
 -0.208	  0.201	-0.0995	  0.451	     -1	

posterior probs

  -	0.49	0.76	0.48	0.24	
0.49	  -	0.61	0.62	0.66	
0.76	0.61	  -	0.95	0.35	
0.48	0.62	0.95	  -	0.91	
0.24	0.66	0.35	0.91	  -	

