entries are in the following order:
dS
omega
body_mass
brain_mass
GI

covariances

    1.8	 0.0546	 -0.888	  -1.09	 -0.204	
 0.0546	  0.137	  0.162	 0.0754	0.00332	
 -0.888	  0.162	   8.57	   5.71	  0.764	
  -1.09	 0.0754	   5.71	   4.65	  0.653	
 -0.204	0.00332	  0.764	  0.653	  0.141	

correlation coefficients

      1	  0.144	 -0.242	 -0.394	 -0.422	
  0.144	      1	  0.125	 0.0742	 0.0142	
 -0.242	  0.125	      1	  0.901	   0.69	
 -0.394	 0.0742	  0.901	      1	  0.804	
 -0.422	 0.0142	   0.69	  0.804	      1	

posterior probs

  -	0.62	0.15	0.043	0.032	
0.62	  -	0.61	0.57	0.52	
0.15	0.61	  -	  1	  1	
0.043	0.57	  1	  -	  1	
0.032	0.52	  1	  1	  -	

precisions

   3.88	  -12.8	 -0.102	  0.982	  0.988	
  -12.8	1.95e+03	  -4.31	  -1.67	   8.03	
 -0.102	  -4.31	    1.4	   -1.4	  0.171	
  0.982	  -1.67	   -1.4	   3.63	  -4.85	
  0.988	   8.03	  0.171	  -4.85	   41.5	

partial correlation coefficients

     -1	  0.247	  0.148	  -0.25	-0.0997	
  0.247	     -1	  0.122	 0.0436	 -0.045	
  0.148	  0.122	     -1	  0.668	-0.0432	
  -0.25	 0.0436	  0.668	     -1	  0.423	
-0.0997	 -0.045	-0.0432	  0.423	     -1	

posterior probs

  -	0.68	0.69	0.21	0.36	
0.68	  -	0.61	0.54	0.46	
0.69	0.61	  -	0.98	0.42	
0.21	0.54	0.98	  -	0.94	
0.36	0.46	0.42	0.94	  -	

