entries are in the following order:
dS
omega
body_mass
brain_mass
GI

covariances

  0.981	 0.0278	 -0.599	 -0.772	 -0.116	
 0.0278	 0.0277	 -0.191	  -0.16	-0.0245	
 -0.599	 -0.191	   9.19	   6.36	  0.843	
 -0.772	  -0.16	   6.36	   5.34	  0.757	
 -0.116	-0.0245	  0.843	  0.757	  0.155	

correlation coefficients

      1	  0.161	 -0.204	 -0.347	 -0.307	
  0.161	      1	 -0.352	 -0.387	 -0.351	
 -0.204	 -0.352	      1	  0.905	  0.701	
 -0.347	 -0.387	  0.905	      1	  0.828	
 -0.307	 -0.351	  0.701	  0.828	      1	

posterior probs

  -	0.66	0.22	0.097	0.11	
0.66	  -	0.27	0.27	0.26	
0.22	0.27	  -	  1	  1	
0.097	0.27	  1	  -	  1	
0.11	0.26	  1	  1	  -	

precisions

   10.6	  -9.19	 -0.579	   1.21	 -0.534	
  -9.19	1.99e+03	   6.15	   17.9	   41.3	
 -0.579	   6.15	   1.62	  -1.56	   1.09	
   1.21	   17.9	  -1.56	   4.76	  -5.88	
 -0.534	   41.3	   1.09	  -5.88	   49.5	

partial correlation coefficients

     -1	 0.0753	  0.226	 -0.249	 0.0339	
 0.0753	     -1	-0.0824	 -0.172	 -0.119	
  0.226	-0.0824	     -1	  0.642	 -0.154	
 -0.249	 -0.172	  0.642	     -1	  0.458	
 0.0339	 -0.119	 -0.154	  0.458	     -1	

posterior probs

  -	0.56	0.75	0.23	0.54	
0.56	  -	0.44	0.35	0.4	
0.75	0.44	  -	0.96	0.28	
0.23	0.35	0.96	  -	0.92	
0.54	0.4	0.28	0.92	  -	

