entries are in the following order:
dS
omega
body_mass
brain_mass
GI

covariances

  0.647	-0.0785	 -0.927	   -1.1	  -0.16	
-0.0785	 0.0639	  0.326	  0.278	 0.0439	
 -0.927	  0.326	    9.2	   6.32	  0.827	
   -1.1	  0.278	   6.32	    5.2	  0.737	
  -0.16	 0.0439	  0.827	  0.737	  0.152	

correlation coefficients

      1	 -0.334	 -0.396	  -0.62	  -0.53	
 -0.334	      1	  0.389	  0.443	  0.414	
 -0.396	  0.389	      1	  0.911	  0.694	
  -0.62	  0.443	  0.911	      1	  0.826	
  -0.53	  0.414	  0.694	  0.826	      1	

posterior probs

  -	0.25	0.099	0.015	0.027	
0.25	  -	0.74	0.76	0.77	
0.099	0.74	  -	  1	  1	
0.015	0.76	  1	  -	  1	
0.027	0.77	  1	  1	  -	

precisions

     49	   26.1	  -4.84	   12.7	  -2.63	
   26.1	1.91e+03	  -7.02	  -34.8	  -61.8	
  -4.84	  -7.02	   4.38	  -5.42	   2.76	
   12.7	  -34.8	  -5.42	   16.4	  -9.08	
  -2.63	  -61.8	   2.76	  -9.08	   71.3	

partial correlation coefficients

     -1	 -0.095	  0.443	  -0.52	  0.129	
 -0.095	     -1	  0.068	  0.184	  0.171	
  0.443	  0.068	     -1	  0.675	 -0.204	
  -0.52	  0.184	  0.675	     -1	  0.373	
  0.129	  0.171	 -0.204	  0.373	     -1	

posterior probs

  -	0.42	0.87	0.084	0.64	
0.42	  -	0.55	0.66	0.63	
0.87	0.55	  -	0.96	0.26	
0.084	0.66	0.96	  -	0.84	
0.64	0.63	0.26	0.84	  -	

