entries are in the following order:
dS
omega
body_mass
brain_mass
GI

covariances

   2.07	-0.0615	  -1.47	  -1.48	 -0.142	
-0.0615	 0.0919	  0.289	  0.228	 0.0351	
  -1.47	  0.289	   9.44	   6.25	  0.791	
  -1.48	  0.228	   6.25	   4.99	  0.705	
 -0.142	 0.0351	  0.791	  0.705	  0.153	

correlation coefficients

      1	 -0.109	 -0.337	 -0.466	 -0.257	
 -0.109	      1	  0.258	   0.28	  0.252	
 -0.337	  0.258	      1	  0.908	  0.652	
 -0.466	   0.28	  0.908	      1	  0.803	
 -0.257	  0.252	  0.652	  0.803	      1	

posterior probs

  -	0.38	0.077	0.017	0.12	
0.38	  -	0.66	0.66	0.67	
0.077	0.66	  -	  1	  1	
0.017	0.66	  1	  -	  1	
0.12	0.67	  1	  1	  -	

precisions

   2.32	 -0.744	 -0.448	   1.27	  -2.44	
 -0.744	1.73e+03	  -4.26	    -15	  -27.5	
 -0.448	  -4.26	   1.98	  -1.86	   2.51	
   1.27	    -15	  -1.86	   7.37	  -8.24	
  -2.44	  -27.5	   2.51	  -8.24	   58.3	

partial correlation coefficients

     -1	0.00802	  0.255	 -0.381	  0.258	
0.00802	     -1	 0.0684	  0.145	 0.0959	
  0.255	 0.0684	     -1	  0.628	 -0.291	
 -0.381	  0.145	  0.628	     -1	  0.515	
  0.258	 0.0959	 -0.291	  0.515	     -1	

posterior probs

  -	0.51	0.79	0.13	0.8	
0.51	  -	0.55	0.62	0.58	
0.79	0.55	  -	0.94	0.16	
0.13	0.62	0.94	  -	0.92	
0.8	0.58	0.16	0.92	  -	

