entries are in the following order:
dS
omega
body_mass
brain_mass
GI

covariances

   2.18	 -0.226	  -1.19	  -1.41	 -0.183	
 -0.226	  0.109	  0.505	  0.431	 0.0598	
  -1.19	  0.505	   8.38	   5.59	  0.727	
  -1.41	  0.431	   5.59	   4.53	  0.651	
 -0.183	 0.0598	  0.727	  0.651	  0.141	

correlation coefficients

      1	 -0.484	 -0.284	 -0.454	 -0.336	
 -0.484	      1	   0.62	  0.707	  0.567	
 -0.284	   0.62	      1	  0.904	  0.663	
 -0.454	  0.707	  0.904	      1	  0.811	
 -0.336	  0.567	  0.663	  0.811	      1	

posterior probs

  -	0.083	0.099	0.015	0.055	
0.083	  -	0.92	0.95	0.93	
0.099	0.92	  -	  1	  1	
0.015	0.95	  1	  -	  1	
0.055	0.93	  1	  1	  -	

precisions

   3.47	   14.7	 -0.517	  0.464	  -1.35	
   14.7	    991	  -6.55	  -36.3	  -19.5	
 -0.517	  -6.55	   1.77	  -2.01	   1.98	
  0.464	  -36.3	  -2.01	   7.89	  -8.23	
  -1.35	  -19.5	   1.98	  -8.23	   45.9	

partial correlation coefficients

     -1	 -0.309	  0.288	 -0.216	  0.141	
 -0.309	     -1	 0.0775	  0.403	 0.0221	
  0.288	 0.0775	     -1	  0.638	  -0.25	
 -0.216	  0.403	  0.638	     -1	  0.503	
  0.141	 0.0221	  -0.25	  0.503	     -1	

posterior probs

  -	0.27	0.82	0.27	0.68	
0.27	  -	0.56	0.84	0.51	
0.82	0.56	  -	0.95	0.17	
0.27	0.84	0.95	  -	0.93	
0.68	0.51	0.17	0.93	  -	

