entries are in the following order:
dS
omega
body_mass
brain_mass
GI

covariances

  0.623	-0.0735	  -1.51	  -1.24	  -0.15	
-0.0735	 0.0501	  0.326	  0.264	 0.0398	
  -1.51	  0.326	   9.91	   6.56	  0.839	
  -1.24	  0.264	   6.56	   5.29	  0.736	
  -0.15	 0.0398	  0.839	  0.736	  0.156	

correlation coefficients

      1	 -0.353	 -0.625	 -0.705	 -0.495	
 -0.353	      1	   0.41	  0.455	  0.405	
 -0.625	   0.41	      1	  0.902	  0.666	
 -0.705	  0.455	  0.902	      1	  0.804	
 -0.495	  0.405	  0.666	  0.804	      1	

posterior probs

  -	0.26	0.024	0.0089	0.045	
0.26	  -	0.76	0.77	0.77	
0.024	0.76	  -	  1	  1	
0.0089	0.77	  1	  -	  1	
0.045	0.77	  1	  1	  -	

precisions

     86	     41	   0.31	   17.4	   -6.3	
     41	1.9e+03	  -5.05	  -29.2	  -52.3	
   0.31	  -5.05	   1.69	  -1.52	   1.34	
   17.4	  -29.2	  -1.52	     12	  -7.88	
   -6.3	  -52.3	   1.34	  -7.88	   62.3	

partial correlation coefficients

     -1	-0.0984	 0.0638	 -0.402	  0.177	
-0.0984	     -1	 0.0659	  0.196	  0.144	
 0.0638	 0.0659	     -1	  0.507	 -0.169	
 -0.402	  0.196	  0.507	     -1	  0.428	
  0.177	  0.144	 -0.169	  0.428	     -1	

posterior probs

  -	0.42	0.58	0.14	0.69	
0.42	  -	0.55	0.66	0.61	
0.58	0.55	  -	0.9	0.28	
0.14	0.66	0.9	  -	0.88	
0.69	0.61	0.28	0.88	  -	

