entries are in the following order:
dS
omega
body_mass
brain_mass
GI

covariances

   1.11	-0.0101	 -0.134	 -0.534	 -0.137	
-0.0101	 0.0188	  0.139	  0.111	 0.0161	
 -0.134	  0.139	   8.16	   5.54	  0.734	
 -0.534	  0.111	   5.54	   4.67	  0.674	
 -0.137	 0.0161	  0.734	  0.674	  0.142	

correlation coefficients

      1	-0.0602	-0.0434	 -0.232	 -0.345	
-0.0602	      1	  0.337	  0.355	  0.299	
-0.0434	  0.337	      1	  0.896	  0.675	
 -0.232	  0.355	  0.896	      1	  0.823	
 -0.345	  0.299	  0.675	  0.823	      1	

posterior probs

  -	0.42	0.42	0.16	0.066	
0.42	  -	0.72	0.72	0.71	
0.42	0.72	  -	  1	  1	
0.16	0.72	  1	  -	  1	
0.066	0.71	  1	  1	  -	

precisions

   3.08	  -3.54	 -0.522	  0.728	   1.79	
  -3.54	2.1e+03	  -6.64	  -19.3	  -26.3	
 -0.522	  -6.64	   1.66	  -1.56	  0.726	
  0.728	  -19.3	  -1.56	   4.52	  -5.83	
   1.79	  -26.3	  0.726	  -5.83	   48.4	

partial correlation coefficients

     -1	 0.0511	  0.266	 -0.199	 -0.162	
 0.0511	     -1	 0.0888	  0.187	 0.0591	
  0.266	 0.0888	     -1	  0.642	 -0.106	
 -0.199	  0.187	  0.642	     -1	   0.45	
 -0.162	 0.0591	 -0.106	   0.45	     -1	

posterior probs

  -	0.54	0.8	0.26	0.28	
0.54	  -	0.57	0.66	0.55	
0.8	0.57	  -	0.96	0.33	
0.26	0.66	0.96	  -	0.93	
0.28	0.55	0.33	0.93	  -	

