entries are in the following order:
dS
omega
body_mass
brain_mass
GI

covariances

  0.443	-0.0765	  -1.46	  -1.19	 -0.124	
-0.0765	 0.0619	   0.38	  0.342	  0.056	
  -1.46	   0.38	   10.7	   7.01	  0.884	
  -1.19	  0.342	   7.01	    5.7	  0.773	
 -0.124	  0.056	  0.884	  0.773	  0.162	

correlation coefficients

      1	 -0.537	 -0.709	 -0.794	 -0.505	
 -0.537	      1	  0.559	  0.674	  0.641	
 -0.709	  0.559	      1	  0.895	  0.664	
 -0.794	  0.674	  0.895	      1	  0.799	
 -0.505	  0.641	  0.664	  0.799	      1	

posterior probs

  -	0.13	0.0037	0.00077	0.025	
0.13	  -	0.87	0.91	0.94	
0.0037	0.87	  -	  1	  1	
0.00077	0.91	  1	  -	  1	
0.025	0.94	  1	  1	  -	

precisions

    131	   50.7	  0.462	   20.8	  -20.9	
   50.7	1.32e+03	 -0.696	  -42.7	  -93.5	
  0.462	 -0.696	   1.42	   -1.6	   0.71	
   20.8	  -42.7	   -1.6	   11.2	  -9.81	
  -20.9	  -93.5	   0.71	  -9.81	   73.9	

partial correlation coefficients

     -1	 -0.104	 0.0484	 -0.507	  0.336	
 -0.104	     -1	-0.0646	  0.336	  0.296	
 0.0484	-0.0646	     -1	  0.483	 -0.109	
 -0.507	  0.336	  0.483	     -1	  0.412	
  0.336	  0.296	 -0.109	  0.412	     -1	

posterior probs

  -	0.42	0.56	0.093	0.82	
0.42	  -	0.44	0.79	0.75	
0.56	0.44	  -	0.89	0.36	
0.093	0.79	0.89	  -	0.86	
0.82	0.75	0.36	0.86	  -	

