entries are in the following order:
dS
omega
body_mass
brain_mass
GI

covariances

  0.748	0.00985	 -0.983	  -1.08	  -0.15	
0.00985	 0.0717	 -0.123	-0.0991	-0.0174	
 -0.983	 -0.123	   8.82	   6.07	  0.812	
  -1.08	-0.0991	   6.07	   5.08	  0.731	
  -0.15	-0.0174	  0.812	  0.731	  0.153	

correlation coefficients

      1	 0.0339	 -0.383	 -0.557	 -0.447	
 0.0339	      1	 -0.119	 -0.126	 -0.126	
 -0.383	 -0.119	      1	  0.904	  0.693	
 -0.557	 -0.126	  0.904	      1	  0.825	
 -0.447	 -0.126	  0.693	  0.825	      1	

posterior probs

  -	0.54	0.064	0.01	0.028	
0.54	  -	0.43	0.43	0.42	
0.064	0.43	  -	  1	  1	
0.01	0.43	  1	  -	  1	
0.028	0.42	  1	  1	  -	

precisions

   9.36	   2.94	  -1.08	   2.85	  -2.06	
   2.94	1.89e+03	   2.42	   6.35	   20.5	
  -1.08	   2.42	   2.04	     -2	   1.66	
   2.85	   6.35	     -2	   6.72	  -7.31	
  -2.06	   20.5	   1.66	  -7.31	     54	

partial correlation coefficients

     -1	-0.0369	  0.283	 -0.395	  0.102	
-0.0369	     -1	 -0.036	-0.0557	-0.0798	
  0.283	 -0.036	     -1	  0.638	 -0.192	
 -0.395	-0.0557	  0.638	     -1	  0.462	
  0.102	-0.0798	 -0.192	  0.462	     -1	

posterior probs

  -	0.47	0.79	0.13	0.62	
0.47	  -	0.47	0.46	0.44	
0.79	0.47	  -	0.95	0.24	
0.13	0.46	0.95	  -	0.92	
0.62	0.44	0.24	0.92	  -	

