entries are in the following order:
dS
omega
body_mass
brain_mass
GI

covariances

  0.633	-0.0872	  -2.04	  -1.69	 -0.238	
-0.0872	 0.0286	  0.285	  0.241	 0.0353	
  -2.04	  0.285	   9.93	    6.6	  0.903	
  -1.69	  0.241	    6.6	   5.41	  0.778	
 -0.238	 0.0353	  0.903	  0.778	  0.161	

correlation coefficients

      1	 -0.608	 -0.816	 -0.921	 -0.749	
 -0.608	      1	  0.521	    0.6	  0.514	
 -0.816	  0.521	      1	  0.898	  0.709	
 -0.921	    0.6	  0.898	      1	   0.83	
 -0.749	  0.514	  0.709	   0.83	      1	

posterior probs

  -	0.15	0.0002	  0	0.00038	
0.15	  -	0.83	0.85	0.85	
0.0002	0.83	  -	  1	  1	
  0	0.85	  1	  -	  1	
0.00038	0.85	  1	  1	  -	

precisions

    155	    111	  0.935	   41.8	  -3.59	
    111	2.17e+03	 -0.086	  -40.3	  -29.4	
  0.935	 -0.086	   1.63	  -1.61	  0.848	
   41.8	  -40.3	  -1.61	     21	  -8.68	
  -3.59	  -29.4	  0.848	  -8.68	   55.7	

partial correlation coefficients

     -1	 -0.232	 0.0103	 -0.585	   0.07	
 -0.232	     -1	-0.0231	  0.196	 0.0652	
 0.0103	-0.0231	     -1	  0.389	  -0.11	
 -0.585	  0.196	  0.389	     -1	  0.341	
   0.07	 0.0652	  -0.11	  0.341	     -1	

posterior probs

  -	0.3	0.52	0.06	0.57	
0.3	  -	0.48	0.68	0.55	
0.52	0.48	  -	0.83	0.34	
0.06	0.68	0.83	  -	0.82	
0.57	0.55	0.34	0.82	  -	

