entries are in the following order:
dS
omega
body_mass
brain_mass
GI

covariances

   1.01	-0.0258	 -0.591	  -0.76	 -0.121	
-0.0258	 0.0461	 -0.154	-0.0976	-0.0105	
 -0.591	 -0.154	   7.96	   5.47	  0.709	
  -0.76	-0.0976	   5.47	   4.64	  0.663	
 -0.121	-0.0105	  0.709	  0.663	  0.141	

correlation coefficients

      1	-0.0334	 -0.228	 -0.373	 -0.335	
-0.0334	      1	 -0.264	 -0.236	 -0.166	
 -0.228	 -0.264	      1	  0.898	  0.663	
 -0.373	 -0.236	  0.898	      1	  0.814	
 -0.335	 -0.166	  0.663	  0.814	      1	

posterior probs

  -	0.48	0.2	0.081	0.093	
0.48	  -	0.32	0.34	0.37	
0.2	0.32	  -	  1	  1	
0.081	0.34	  1	  -	  1	
0.093	0.37	  1	  1	  -	

precisions

   4.94	   4.26	 -0.392	    1.3	 -0.363	
   4.26	1.88e+03	   9.16	   7.74	   4.45	
 -0.392	   9.16	   1.78	  -1.68	    1.2	
    1.3	   7.74	  -1.68	   4.66	  -6.77	
 -0.363	   4.45	    1.2	  -6.77	     46	

partial correlation coefficients

     -1	-0.0849	  0.178	 -0.278	 0.0255	
-0.0849	     -1	 -0.168	-0.0755	 0.0137	
  0.178	 -0.168	     -1	  0.658	 -0.178	
 -0.278	-0.0755	  0.658	     -1	  0.511	
 0.0255	 0.0137	 -0.178	  0.511	     -1	

posterior probs

  -	0.43	0.72	0.18	0.53	
0.43	  -	0.36	0.43	0.51	
0.72	0.36	  -	0.97	0.24	
0.18	0.43	0.97	  -	0.96	
0.53	0.51	0.24	0.96	  -	

