entries are in the following order:
dS
omega
body_mass
brain_mass
GI

covariances

  0.682	-0.00416	 -0.483	 -0.855	 -0.112	
-0.00416	 0.0163	-0.0509	-0.0354	-0.00476	
 -0.483	-0.0509	   9.56	   6.24	   0.83	
 -0.855	-0.0354	   6.24	   5.26	  0.732	
 -0.112	-0.00476	   0.83	  0.732	  0.157	

correlation coefficients

      1	-0.0198	  -0.22	 -0.482	 -0.368	
-0.0198	      1	 -0.109	 -0.104	 -0.079	
  -0.22	 -0.109	      1	  0.877	  0.671	
 -0.482	 -0.104	  0.877	      1	  0.801	
 -0.368	 -0.079	  0.671	  0.801	      1	

posterior probs

  -	0.49	0.23	0.038	0.076	
0.49	  -	0.42	0.43	0.44	
0.23	0.42	  -	  1	  1	
0.038	0.43	  1	  -	  1	
0.076	0.44	  1	  1	  -	

precisions

   12.1	   3.87	  -1.51	   3.82	  -2.42	
   3.87	2.24e+03	   2.54	   5.65	  -2.33	
  -1.51	   2.54	   1.66	     -2	   1.05	
   3.82	   5.65	     -2	   5.21	  -6.28	
  -2.42	  -2.33	   1.05	  -6.28	   39.8	

partial correlation coefficients

     -1	-0.0448	  0.392	 -0.493	  0.111	
-0.0448	     -1	-0.0329	 -0.062	 0.0112	
  0.392	-0.0329	     -1	  0.695	  -0.13	
 -0.493	 -0.062	  0.695	     -1	  0.456	
  0.111	 0.0112	  -0.13	  0.456	     -1	

posterior probs

  -	0.46	0.86	0.078	0.63	
0.46	  -	0.47	0.44	0.51	
0.86	0.47	  -	0.98	0.32	
0.078	0.44	0.98	  -	0.94	
0.63	0.51	0.32	0.94	  -	

