entries are in the following order:
dS
omega
body_mass
brain_mass
GI

covariances

  0.419	-0.0256	 -0.892	 -0.951	 -0.144	
-0.0256	 0.0197	 0.0479	 0.0517	0.00794	
 -0.892	 0.0479	   10.7	   6.96	  0.921	
 -0.951	 0.0517	   6.96	   5.53	  0.784	
 -0.144	0.00794	  0.921	  0.784	  0.166	

correlation coefficients

      1	  -0.23	 -0.438	 -0.646	 -0.566	
  -0.23	      1	    0.1	  0.144	  0.129	
 -0.438	    0.1	      1	  0.902	  0.685	
 -0.646	  0.144	  0.902	      1	  0.814	
 -0.566	  0.129	  0.685	  0.814	      1	

posterior probs

  -	0.34	0.062	0.006	0.011	
0.34	  -	0.57	0.59	0.59	
0.062	0.57	  -	  1	  1	
0.006	0.59	  1	  -	  1	
0.011	0.59	  1	  1	  -	

precisions

   36.2	   34.8	   -2.2	   8.16	  0.541	
   34.8	2.25e+03	  0.127	  -6.52	  -8.62	
   -2.2	  0.127	   1.81	  -2.36	  0.922	
   8.16	  -6.52	  -2.36	   6.59	  -5.95	
  0.541	  -8.62	  0.922	  -5.95	   40.2	

partial correlation coefficients

     -1	 -0.167	  0.337	 -0.496	0.00641	
 -0.167	     -1	-0.00367	 0.0324	 0.0174	
  0.337	-0.00367	     -1	  0.708	 -0.128	
 -0.496	 0.0324	  0.708	     -1	  0.413	
0.00641	 0.0174	 -0.128	  0.413	     -1	

posterior probs

  -	0.36	0.83	0.071	0.51	
0.36	  -	0.49	0.53	0.51	
0.83	0.49	  -	0.98	0.32	
0.071	0.53	0.98	  -	0.92	
0.51	0.51	0.32	0.92	  -	

