entries are in the following order:
dS
omega
body_mass
brain_mass
GI

covariances

  0.406	 0.0167	  -1.45	  -1.29	  -0.18	
 0.0167	 0.0333	 -0.207	 -0.134	-0.0149	
  -1.45	 -0.207	   10.6	   7.02	  0.905	
  -1.29	 -0.134	   7.02	   5.73	  0.789	
  -0.18	-0.0149	  0.905	  0.789	  0.163	

correlation coefficients

      1	  0.207	 -0.707	 -0.859	  -0.71	
  0.207	      1	 -0.345	 -0.315	 -0.216	
 -0.707	 -0.345	      1	    0.9	  0.684	
 -0.859	 -0.315	    0.9	      1	  0.812	
  -0.71	 -0.216	  0.684	  0.812	      1	

posterior probs

  -	0.64	0.0067	0.00013	0.0018	
0.64	  -	0.28	0.3	0.33	
0.0067	0.28	  -	  1	  1	
0.00013	0.3	  1	  -	  1	
0.0018	0.33	  1	  1	  -	

precisions

    135	  -9.29	  -1.72	   30.9	   2.19	
  -9.29	2.14e+03	   11.4	   16.1	  -15.7	
  -1.72	   11.4	   2.05	  -2.35	  0.714	
   30.9	   16.1	  -2.35	   13.2	     -7	
   2.19	  -15.7	  0.714	     -7	   48.1	

partial correlation coefficients

     -1	-0.0405	  0.182	 -0.631	 0.0172	
-0.0405	     -1	  -0.18	 -0.114	  0.065	
  0.182	  -0.18	     -1	  0.528	 -0.112	
 -0.631	 -0.114	  0.528	     -1	  0.346	
 0.0172	  0.065	 -0.112	  0.346	     -1	

posterior probs

  -	0.47	0.67	0.038	0.52	
0.47	  -	0.35	0.4	0.56	
0.67	0.35	  -	0.91	0.34	
0.038	0.4	0.91	  -	0.84	
0.52	0.56	0.34	0.84	  -	

