entries are in the following order:
dS
omega
body_mass
brain_mass
GI

covariances

  0.261	 0.0848	   -1.1	  -0.99	 -0.156	
 0.0848	  0.384	  -1.26	  -0.84	 -0.122	
   -1.1	  -1.26	   10.7	   7.04	  0.942	
  -0.99	  -0.84	   7.04	   5.76	  0.818	
 -0.156	 -0.122	  0.942	  0.818	  0.168	

correlation coefficients

      1	   0.51	   -0.7	 -0.853	  -0.79	
   0.51	      1	 -0.746	 -0.706	 -0.603	
   -0.7	 -0.746	      1	  0.894	  0.698	
 -0.853	 -0.706	  0.894	      1	  0.829	
  -0.79	 -0.603	  0.698	  0.829	      1	

posterior probs

  -	0.83	0.017	0.0012	0.00082	
0.83	  -	0.023	0.031	0.042	
0.017	0.023	  -	  1	  1	
0.0012	0.031	  1	  -	  1	
0.00082	0.042	  1	  1	  -	

precisions

    397	  -71.6	   0.37	   45.1	   53.7	
  -71.6	    634	   17.7	   24.8	   33.9	
   0.37	   17.7	   4.03	  -2.47	   1.68	
   45.1	   24.8	  -2.47	   14.9	 -0.478	
   53.7	   33.9	   1.68	 -0.478	   76.1	

partial correlation coefficients

     -1	 -0.107	   0.07	 -0.575	 -0.283	
 -0.107	     -1	 -0.369	 -0.189	 -0.173	
   0.07	 -0.369	     -1	  0.418	 -0.134	
 -0.575	 -0.189	  0.418	     -1	  0.125	
 -0.283	 -0.173	 -0.134	  0.125	     -1	

posterior probs

  -	0.42	0.57	0.07	0.25	
0.42	  -	0.21	0.33	0.34	
0.57	0.21	  -	0.83	0.34	
0.07	0.33	0.83	  -	0.64	
0.25	0.34	0.34	0.64	  -	

