entries are in the following order:
dS
omega
body_mass
brain_mass
GI

covariances

   1.73	0.00608	   1.06	  0.405	-0.0302	
0.00608	 0.0353	  0.229	  0.183	 0.0308	
   1.06	  0.229	   8.59	   5.67	  0.761	
  0.405	  0.183	   5.67	   4.73	  0.691	
-0.0302	 0.0308	  0.761	  0.691	  0.149	

correlation coefficients

      1	  0.019	  0.278	  0.139	 -0.069	
  0.019	      1	  0.388	  0.423	  0.405	
  0.278	  0.388	      1	  0.888	  0.667	
  0.139	  0.423	  0.888	      1	   0.82	
 -0.069	  0.405	  0.667	   0.82	      1	

posterior probs

  -	0.53	0.86	0.7	0.39	
0.53	  -	0.75	0.76	0.77	
0.86	0.75	  -	  1	  1	
0.7	0.76	  1	  -	  1	
0.39	0.77	  1	  1	  -	

precisions

   2.41	  0.618	   -0.4	 0.0816	   2.07	
  0.618	1.82e+03	  -7.89	  -14.8	  -69.4	
   -0.4	  -7.89	   1.59	   -1.2	  0.789	
 0.0816	  -14.8	   -1.2	   4.13	  -5.36	
   2.07	  -69.4	  0.789	  -5.36	   60.7	

partial correlation coefficients

     -1	-0.0126	  0.227	-0.0174	 -0.204	
-0.0126	     -1	  0.133	  0.152	  0.208	
  0.227	  0.133	     -1	   0.57	 -0.102	
-0.0174	  0.152	   0.57	     -1	  0.439	
 -0.204	  0.208	 -0.102	  0.439	     -1	

posterior probs

  -	0.49	0.75	0.48	0.25	
0.49	  -	0.61	0.63	0.67	
0.75	0.61	  -	0.94	0.36	
0.48	0.63	0.94	  -	0.9	
0.25	0.67	0.36	0.9	  -	

