entries are in the following order:
dS
omega
body_mass
brain_mass
GI

covariances

  0.135	 0.0203	 -0.507	 -0.408	 -0.061	
 0.0203	 0.0704	 -0.441	 -0.328	 -0.049	
 -0.507	 -0.441	   8.86	      6	  0.811	
 -0.408	 -0.328	      6	   4.99	   0.72	
 -0.061	 -0.049	  0.811	   0.72	  0.149	

correlation coefficients

      1	  0.376	 -0.582	 -0.634	 -0.563	
  0.376	      1	  -0.57	 -0.575	 -0.504	
 -0.582	  -0.57	      1	    0.9	  0.698	
 -0.634	 -0.575	    0.9	      1	   0.83	
 -0.563	 -0.504	  0.698	   0.83	      1	

posterior probs

  -	0.75	0.11	0.092	0.099	
0.75	  -	0.15	0.15	0.16	
0.11	0.15	  -	  1	  1	
0.092	0.15	  1	  -	  1	
0.099	0.16	  1	  1	  -	

precisions

1.21e+03	   -103	   7.21	   26.3	   53.7	
   -103	1.6e+03	     16	   20.6	   55.8	
   7.21	     16	   2.93	  -1.27	   1.11	
   26.3	   20.6	  -1.27	   7.59	  -5.19	
   53.7	   55.8	   1.11	  -5.19	   89.2	

partial correlation coefficients

     -1	 0.0856	-0.0786	 -0.262	 -0.115	
 0.0856	     -1	 -0.247	 -0.154	 -0.135	
-0.0786	 -0.247	     -1	  0.418	 -0.121	
 -0.262	 -0.154	  0.418	     -1	  0.329	
 -0.115	 -0.135	 -0.121	  0.329	     -1	

posterior probs

  -	0.57	0.43	0.27	0.4	
0.57	  -	0.3	0.38	0.39	
0.43	0.3	  -	0.85	0.34	
0.27	0.38	0.85	  -	0.81	
0.4	0.39	0.34	0.81	  -	

