entries are in the following order:
dS
omega
body_mass
brain_mass
GI

covariances

   1.01	0.00403	  -1.03	  -1.07	 -0.201	
0.00403	 0.0654	 -0.265	 -0.174	-0.0232	
  -1.03	 -0.265	   9.74	   6.56	  0.849	
  -1.07	 -0.174	   6.56	   5.32	  0.744	
 -0.201	-0.0232	  0.849	  0.744	  0.154	

correlation coefficients

      1	  0.066	 -0.337	 -0.473	 -0.525	
  0.066	      1	 -0.333	 -0.306	 -0.245	
 -0.337	 -0.333	      1	  0.908	  0.688	
 -0.473	 -0.306	  0.908	      1	  0.818	
 -0.525	 -0.245	  0.688	  0.818	      1	

posterior probs

  -	0.57	0.1	0.032	0.013	
0.57	  -	0.28	0.3	0.31	
0.1	0.28	  -	  1	  1	
0.032	0.3	  1	  -	  1	
0.013	0.31	  1	  1	  -	

precisions

   6.34	   1.16	  -0.32	   0.98	   2.79	
   1.16	1.71e+03	   10.3	   5.93	   16.6	
  -0.32	   10.3	    1.7	  -1.48	  0.782	
   0.98	   5.93	  -1.48	   4.02	  -5.15	
   2.79	   16.6	  0.782	  -5.15	     45	

partial correlation coefficients

     -1	-0.0347	   0.14	 -0.191	 -0.187	
-0.0347	     -1	 -0.227	-0.0388	-0.0553	
   0.14	 -0.227	     -1	  0.653	 -0.123	
 -0.191	-0.0388	  0.653	     -1	  0.437	
 -0.187	-0.0553	 -0.123	  0.437	     -1	

posterior probs

  -	0.47	0.67	0.27	0.26	
0.47	  -	0.31	0.47	0.45	
0.67	0.31	  -	0.96	0.31	
0.27	0.47	0.96	  -	0.93	
0.26	0.45	0.31	0.93	  -	

