entries are in the following order:
dS
omega
body_mass
brain_mass
GI

covariances

      1	 -0.731	  -1.12	 -0.864	 -0.134	
 -0.731	   1.72	  0.138	 -0.187	-0.0208	
  -1.12	  0.138	   9.17	   5.98	  0.751	
 -0.864	 -0.187	   5.98	   4.89	  0.674	
 -0.134	-0.0208	  0.751	  0.674	  0.146	

correlation coefficients

      1	 -0.593	 -0.362	 -0.389	 -0.354	
 -0.593	      1	 0.0424	-0.0497	-0.0247	
 -0.362	 0.0424	      1	  0.891	  0.643	
 -0.389	-0.0497	  0.891	      1	  0.793	
 -0.354	-0.0247	  0.643	  0.793	      1	

posterior probs

  -	0.04	0.1	0.079	0.087	
0.04	  -	0.54	0.43	0.46	
0.1	0.54	  -	  1	  1	
0.079	0.43	  1	  -	  1	
0.087	0.46	  1	  1	  -	

precisions

   14.7	   11.7	 -0.498	   2.37	   1.66	
   11.7	     22	 -0.717	      2	  0.342	
 -0.498	 -0.717	   1.08	  -1.56	   1.12	
   2.37	      2	  -1.56	   3.49	  -5.53	
   1.66	  0.342	   1.12	  -5.53	   31.1	

partial correlation coefficients

     -1	 -0.714	  0.152	 -0.331	-0.0582	
 -0.714	     -1	  0.257	 -0.391	 0.0103	
  0.152	  0.257	     -1	   0.79	 -0.196	
 -0.331	 -0.391	   0.79	     -1	  0.544	
-0.0582	 0.0103	 -0.196	  0.544	     -1	

posterior probs

  -	0.014	0.67	0.15	0.43	
0.014	  -	0.77	0.11	0.52	
0.67	0.77	  -	  1	0.19	
0.15	0.11	  1	  -	0.98	
0.43	0.52	0.19	0.98	  -	

