entries are in the following order:
dS
omega
body_mass
brain_mass
GI

covariances

  0.268	 0.0835	  -1.09	 -0.992	 -0.156	
 0.0835	  0.391	  -1.26	 -0.841	 -0.122	
  -1.09	  -1.26	   10.6	      7	  0.935	
 -0.992	 -0.841	      7	   5.73	  0.812	
 -0.156	 -0.122	  0.935	  0.812	  0.166	

correlation coefficients

      1	  0.501	 -0.694	 -0.849	 -0.784	
  0.501	      1	 -0.744	 -0.704	 -0.603	
 -0.694	 -0.744	      1	  0.895	  0.698	
 -0.849	 -0.704	  0.895	      1	  0.828	
 -0.784	 -0.603	  0.698	  0.828	      1	

posterior probs

  -	0.83	0.017	0.0019	0.0012	
0.83	  -	0.021	0.029	0.039	
0.017	0.021	  -	  1	  1	
0.0019	0.029	  1	  -	  1	
0.0012	0.039	  1	  1	  -	

precisions

    383	  -71.4	  0.139	   43.5	   51.5	
  -71.4	    567	   16.1	   23.6	   31.6	
  0.139	   16.1	   3.72	  -2.37	   1.56	
   43.5	   23.6	  -2.37	   14.4	 -0.469	
   51.5	   31.6	   1.56	 -0.469	   74.5	

partial correlation coefficients

     -1	 -0.115	 0.0814	 -0.581	 -0.273	
 -0.115	     -1	 -0.361	 -0.192	 -0.171	
 0.0814	 -0.361	     -1	  0.428	 -0.131	
 -0.581	 -0.192	  0.428	     -1	  0.132	
 -0.273	 -0.171	 -0.131	  0.132	     -1	

posterior probs

  -	0.41	0.58	0.068	0.26	
0.41	  -	0.21	0.32	0.34	
0.58	0.21	  -	0.84	0.34	
0.068	0.32	0.84	  -	0.65	
0.26	0.34	0.34	0.65	  -	

