entries are in the following order:
dS
omega
body_mass
brain_mass
GI

covariances

   1.12	-0.00966	 -0.136	 -0.534	 -0.137	
-0.00966	 0.0185	  0.127	  0.102	 0.0149	
 -0.136	  0.127	   8.13	   5.51	  0.728	
 -0.534	  0.102	   5.51	   4.64	   0.67	
 -0.137	 0.0149	  0.728	   0.67	  0.141	

correlation coefficients

      1	-0.0508	 -0.044	 -0.232	 -0.344	
-0.0508	      1	  0.309	  0.326	  0.274	
 -0.044	  0.309	      1	  0.895	  0.673	
 -0.232	  0.326	  0.895	      1	  0.823	
 -0.344	  0.274	  0.673	  0.823	      1	

posterior probs

  -	0.43	0.42	0.16	0.066	
0.43	  -	0.7	0.71	0.7	
0.42	0.7	  -	  1	  1	
0.16	0.71	  1	  -	  1	
0.066	0.7	  1	  1	  -	

precisions

   3.07	  -4.55	 -0.497	  0.722	   1.81	
  -4.55	2.16e+03	  -5.47	  -17.7	  -24.9	
 -0.497	  -5.47	   1.62	  -1.56	  0.659	
  0.722	  -17.7	  -1.56	   4.42	  -5.82	
   1.81	  -24.9	  0.659	  -5.82	   48.8	

partial correlation coefficients

     -1	 0.0581	  0.259	 -0.198	 -0.161	
 0.0581	     -1	 0.0732	  0.177	 0.0576	
  0.259	 0.0732	     -1	  0.651	 -0.104	
 -0.198	  0.177	  0.651	     -1	  0.453	
 -0.161	 0.0576	 -0.104	  0.453	     -1	

posterior probs

  -	0.55	0.8	0.26	0.28	
0.55	  -	0.56	0.65	0.55	
0.8	0.56	  -	0.97	0.33	
0.26	0.65	0.97	  -	0.93	
0.28	0.55	0.33	0.93	  -	

