entries are in the following order:
dS
omega
body_mass
brain_mass
GI

covariances

  0.651	  0.112	     -1	     -1	 -0.123	
  0.112	  0.104	 -0.667	 -0.513	-0.0721	
     -1	 -0.667	   10.4	   6.96	  0.934	
     -1	 -0.513	   6.96	   5.74	  0.819	
 -0.123	-0.0721	  0.934	  0.819	  0.171	

correlation coefficients

      1	  0.509	 -0.397	 -0.532	  -0.38	
  0.509	      1	 -0.724	 -0.755	 -0.623	
 -0.397	 -0.724	      1	  0.897	  0.693	
 -0.532	 -0.755	  0.897	      1	  0.823	
  -0.38	 -0.623	  0.693	  0.823	      1	

posterior probs

  -	0.94	0.06	0.014	0.056	
0.94	  -	0.024	0.021	0.032	
0.06	0.024	  -	  1	  1	
0.014	0.021	  1	  -	  1	
0.056	0.032	  1	  1	  -	

precisions

   11.9	  -24.8	  -1.06	   1.52	  -3.75	
  -24.8	    678	   12.9	   21.2	   33.3	
  -1.06	   12.9	   1.66	  -1.18	   1.41	
   1.52	   21.2	  -1.18	   4.71	  -5.62	
  -3.75	   33.3	   1.41	  -5.62	   40.8	

partial correlation coefficients

     -1	  0.318	  0.278	   -0.3	  0.187	
  0.318	     -1	 -0.327	 -0.224	 -0.126	
  0.278	 -0.327	     -1	  0.559	 -0.193	
   -0.3	 -0.224	  0.559	     -1	  0.492	
  0.187	 -0.126	 -0.193	  0.492	     -1	

posterior probs

  -	0.76	0.79	0.19	0.72	
0.76	  -	0.22	0.31	0.4	
0.79	0.22	  -	0.92	0.24	
0.19	0.31	0.92	  -	0.93	
0.72	0.4	0.24	0.93	  -	

