entries are in the following order:
dS
omega
body_mass
brain_mass
GI

covariances

  0.686	-0.0145	  -1.06	  -1.18	 -0.156	
-0.0145	  0.056	  0.246	  0.154	 0.0219	
  -1.06	  0.246	   9.08	   6.11	  0.781	
  -1.18	  0.154	   6.11	   5.09	  0.721	
 -0.156	 0.0219	  0.781	  0.721	   0.15	

correlation coefficients

      1	 -0.103	 -0.447	 -0.658	 -0.508	
 -0.103	      1	  0.422	  0.382	   0.33	
 -0.447	  0.422	      1	  0.896	  0.663	
 -0.658	  0.382	  0.896	      1	   0.82	
 -0.508	   0.33	  0.663	   0.82	      1	

posterior probs

  -	0.4	0.047	0.0036	0.015	
0.4	  -	0.77	0.74	0.74	
0.047	0.77	  -	  1	  1	
0.0036	0.74	  1	  -	  1	
0.015	0.74	  1	  1	  -	

precisions

   30.3	    -33	  -1.74	   8.51	  -4.79	
    -33	1.69e+03	    -14	  -23.3	  -39.7	
  -1.74	    -14	   2.51	  -2.92	   3.04	
   8.51	  -23.3	  -2.92	   9.28	  -10.7	
  -4.79	  -39.7	   3.04	  -10.7	   55.1	

partial correlation coefficients

     -1	  0.218	  0.319	 -0.554	  0.184	
  0.218	     -1	   0.21	  0.171	  0.105	
  0.319	   0.21	     -1	  0.664	 -0.288	
 -0.554	  0.171	  0.664	     -1	  0.524	
  0.184	  0.105	 -0.288	  0.524	     -1	

posterior probs

  -	0.67	0.8	0.051	0.71	
0.67	  -	0.68	0.66	0.58	
0.8	0.68	  -	0.96	0.16	
0.051	0.66	0.96	  -	0.94	
0.71	0.58	0.16	0.94	  -	

