entries are in the following order:
dS
omega
body_mass
brain_mass
GI

covariances

   18.4	   3.38	    3.9	  0.201	 -0.124	
   3.38	   5.36	   4.74	   3.22	  0.439	
    3.9	   4.74	   9.42	    6.1	  0.844	
  0.201	   3.22	    6.1	   5.02	  0.759	
 -0.124	  0.439	  0.844	  0.759	  0.164	

correlation coefficients

      1	  0.341	  0.289	 0.0153	 -0.077	
  0.341	      1	   0.69	  0.652	  0.489	
  0.289	   0.69	      1	  0.885	  0.672	
 0.0153	  0.652	  0.885	      1	  0.831	
 -0.077	  0.489	  0.672	  0.831	      1	

posterior probs

  -	0.87	0.87	0.52	0.39	
0.87	  -	0.99	0.99	0.96	
0.87	0.99	  -	  1	  1	
0.52	0.99	  1	  -	  1	
0.39	0.96	  1	  1	  -	

precisions

  0.221	 -0.221	 -0.278	  0.498	 -0.137	
 -0.221	   3.25	-0.0548	  -2.36	   1.35	
 -0.278	-0.0548	   1.37	  -1.79	   1.23	
  0.498	  -2.36	  -1.79	   5.32	  -7.43	
 -0.137	   1.35	   1.23	  -7.43	   32.8	

partial correlation coefficients

     -1	  0.345	  0.498	 -0.463	 0.0258	
  0.345	     -1	 0.0548	  0.356	 -0.107	
  0.498	 0.0548	     -1	  0.721	 -0.174	
 -0.463	  0.356	  0.721	     -1	  0.593	
 0.0258	 -0.107	 -0.174	  0.593	     -1	

posterior probs

  -	0.84	0.95	0.068	0.53	
0.84	  -	0.57	0.87	0.38	
0.95	0.57	  -	0.99	0.21	
0.068	0.87	0.99	  -	0.99	
0.53	0.38	0.21	0.99	  -	

