entries are in the following order:
dS
omega
body_mass
brain_mass
GI

covariances

   1.93	 0.0419	 -0.299	  -0.77	 -0.122	
 0.0419	 0.0812	 -0.557	 -0.418	-0.0592	
 -0.299	 -0.557	   8.09	   5.32	  0.686	
  -0.77	 -0.418	   5.32	   4.37	  0.626	
 -0.122	-0.0592	  0.686	  0.626	  0.138	

correlation coefficients

      1	  0.151	-0.0861	 -0.274	 -0.243	
  0.151	      1	 -0.732	 -0.754	 -0.609	
-0.0861	 -0.732	      1	  0.892	  0.644	
 -0.274	 -0.754	  0.892	      1	  0.802	
 -0.243	 -0.609	  0.644	  0.802	      1	

posterior probs

  -	0.69	0.36	0.12	0.14	
0.69	  -	0.061	0.059	0.068	
0.36	0.061	  -	  1	  1	
0.12	0.059	  1	  -	  1	
0.14	0.068	  1	  1	  -	

precisions

   1.88	  -1.42	 -0.486	   0.85	 -0.669	
  -1.42	1.23e+03	   20.2	   37.7	   39.9	
 -0.486	   20.2	   2.73	  -1.42	   1.89	
   0.85	   37.7	  -1.42	   7.41	  -6.02	
 -0.669	   39.9	   1.89	  -6.02	   49.4	

partial correlation coefficients

     -1	 0.0155	  0.273	 -0.285	 0.0697	
 0.0155	     -1	 -0.335	 -0.367	 -0.118	
  0.273	 -0.335	     -1	  0.482	 -0.217	
 -0.285	 -0.367	  0.482	     -1	  0.425	
 0.0697	 -0.118	 -0.217	  0.425	     -1	

posterior probs

  -	0.51	0.79	0.2	0.59	
0.51	  -	0.24	0.2	0.41	
0.79	0.24	  -	0.88	0.22	
0.2	0.2	0.88	  -	0.89	
0.59	0.41	0.22	0.89	  -	

