entries are in the following order:
dS
omega
body_mass
brain_mass
GI

covariances

   4.86	 0.0525	   -1.9	  -1.76	 -0.266	
 0.0525	 0.0416	 -0.237	 -0.183	-0.0275	
   -1.9	 -0.237	   8.99	   6.16	  0.825	
  -1.76	 -0.183	   6.16	   5.06	  0.723	
 -0.266	-0.0275	  0.825	  0.723	  0.148	

correlation coefficients

      1	  0.104	 -0.288	 -0.357	 -0.318	
  0.104	      1	 -0.336	 -0.348	 -0.312	
 -0.288	 -0.336	      1	  0.912	  0.709	
 -0.357	 -0.348	  0.912	      1	  0.832	
 -0.318	 -0.312	  0.709	  0.832	      1	

posterior probs

  -	0.63	0.1	0.06	0.085	
0.63	  -	0.29	0.29	0.29	
0.1	0.29	  -	  1	  1	
0.06	0.29	  1	  -	  1	
0.085	0.29	  1	  1	  -	

precisions

  0.683	  0.383	-0.0655	  0.234	 0.0736	
  0.383	1.82e+03	   7.42	   14.2	   34.3	
-0.0655	   7.42	   1.69	   -1.4	   1.27	
  0.234	   14.2	   -1.4	   4.77	  -5.86	
 0.0736	   34.3	   1.27	  -5.86	   51.9	

partial correlation coefficients

     -1	-0.0224	 0.0706	 -0.143	-0.00845	
-0.0224	     -1	  -0.13	 -0.144	 -0.108	
 0.0706	  -0.13	     -1	  0.612	 -0.165	
 -0.143	 -0.144	  0.612	     -1	  0.461	
-0.00845	 -0.108	 -0.165	  0.461	     -1	

posterior probs

  -	0.48	0.59	0.32	0.49	
0.48	  -	0.39	0.38	0.41	
0.59	0.39	  -	0.95	0.26	
0.32	0.38	0.95	  -	0.92	
0.49	0.41	0.26	0.92	  -	

