entries are in the following order:
dS
omega
body_mass
brain_mass
GI

covariances

  0.718	 0.0412	  -2.24	  -1.79	 -0.231	
 0.0412	 0.0199	 -0.181	 -0.138	-0.0174	
  -2.24	 -0.181	   10.4	      7	  0.879	
  -1.79	 -0.138	      7	   5.63	  0.769	
 -0.231	-0.0174	  0.879	  0.769	  0.156	

correlation coefficients

      1	  0.323	 -0.828	 -0.897	 -0.695	
  0.323	      1	 -0.337	 -0.349	 -0.261	
 -0.828	 -0.337	      1	  0.913	  0.686	
 -0.897	 -0.349	  0.913	      1	  0.817	
 -0.695	 -0.261	  0.686	  0.817	      1	

posterior probs

  -	0.7	0.00076	6.6e-05	0.0014	
0.7	  -	0.3	0.3	0.31	
0.00076	0.3	  -	  1	  1	
6.6e-05	0.3	  1	  -	  1	
0.0014	0.31	  1	  1	  -	

precisions

    116	  -49.3	    2.6	   30.6	  -6.14	
  -49.3	2.43e+03	    5.8	   22.8	  -8.52	
    2.6	    5.8	   2.09	  -1.32	   1.16	
   30.6	   22.8	  -1.32	   15.8	  -10.5	
  -6.14	  -8.52	   1.16	  -10.5	   56.8	

partial correlation coefficients

     -1	 0.0885	-0.0541	 -0.564	  0.118	
 0.0885	     -1	-0.0788	 -0.125	 0.0347	
-0.0541	-0.0788	     -1	  0.391	 -0.154	
 -0.564	 -0.125	  0.391	     -1	  0.437	
  0.118	 0.0347	 -0.154	  0.437	     -1	

posterior probs

  -	0.58	0.46	0.063	0.62	
0.58	  -	0.43	0.39	0.53	
0.46	0.43	  -	0.84	0.29	
0.063	0.39	0.84	  -	0.89	
0.62	0.53	0.29	0.89	  -	

