entries are in the following order:
dS
omega
body_mass
brain_mass
GI

covariances

   1.13	 0.0965	  -0.77	 -0.831	 -0.104	
 0.0965	  0.176	 -0.601	 -0.393	-0.0399	
  -0.77	 -0.601	   9.98	   6.58	   0.77	
 -0.831	 -0.393	   6.58	   5.36	   0.69	
 -0.104	-0.0399	   0.77	   0.69	  0.146	

correlation coefficients

      1	  0.305	  -0.24	 -0.352	  -0.27	
  0.305	      1	 -0.557	 -0.526	 -0.355	
  -0.24	 -0.557	      1	  0.898	  0.633	
 -0.352	 -0.526	  0.898	      1	  0.777	
  -0.27	 -0.355	  0.633	  0.777	      1	

posterior probs

  -	0.79	0.19	0.093	0.13	
0.79	  -	0.11	0.12	0.18	
0.19	0.11	  -	  1	  1	
0.093	0.12	  1	  -	  1	
0.13	0.18	  1	  1	  -	

precisions

    5.6	  -13.8	 -0.705	  0.812	 -0.301	
  -13.8	    908	   10.8	   10.4	    5.3	
 -0.705	   10.8	   1.65	  -1.35	   0.64	
  0.812	   10.4	  -1.35	   3.65	  -5.16	
 -0.301	    5.3	   0.64	  -5.16	   35.2	

partial correlation coefficients

     -1	  0.299	  0.256	 -0.235	 0.0341	
  0.299	     -1	 -0.364	-0.0732	 0.0487	
  0.256	 -0.364	     -1	  0.644	 -0.136	
 -0.235	-0.0732	  0.644	     -1	  0.501	
 0.0341	 0.0487	 -0.136	  0.501	     -1	

posterior probs

  -	0.74	0.77	0.24	0.55	
0.74	  -	0.2	0.45	0.55	
0.77	0.2	  -	0.96	0.3	
0.24	0.45	0.96	  -	0.96	
0.55	0.55	0.3	0.96	  -	

