entries are in the following order:
dS
omega
body_mass
brain_mass
GI

covariances

  0.647	-0.0511	  -1.47	  -1.19	-0.0895	
-0.0511	 0.0466	  0.264	  0.225	 0.0372	
  -1.47	  0.264	   9.42	   6.26	  0.798	
  -1.19	  0.225	   6.26	   5.15	  0.715	
-0.0895	 0.0372	  0.798	  0.715	   0.15	

correlation coefficients

      1	 -0.271	 -0.605	  -0.67	 -0.302	
 -0.271	      1	  0.379	  0.437	  0.424	
 -0.605	  0.379	      1	  0.896	  0.665	
  -0.67	  0.437	  0.896	      1	  0.809	
 -0.302	  0.424	  0.665	  0.809	      1	

posterior probs

  -	0.3	0.015	0.0058	0.14	
0.3	  -	0.74	0.76	0.78	
0.015	0.74	  -	  1	  1	
0.0058	0.76	  1	  -	  1	
0.14	0.78	  1	  1	  -	

precisions

   48.3	   15.4	 -0.435	   13.8	  -28.4	
   15.4	1.98e+03	  -3.25	  -33.3	    -98	
 -0.435	  -3.25	    1.7	  -1.95	   2.19	
   13.8	  -33.3	  -1.95	   13.1	  -21.7	
  -28.4	    -98	   2.19	  -21.7	    134	

partial correlation coefficients

     -1	-0.0366	  0.118	 -0.543	  0.473	
-0.0366	     -1	  0.028	   0.19	  0.199	
  0.118	  0.028	     -1	  0.497	 -0.183	
 -0.543	   0.19	  0.497	     -1	  0.581	
  0.473	  0.199	 -0.183	  0.581	     -1	

posterior probs

  -	0.47	0.62	0.068	0.9	
0.47	  -	0.52	0.67	0.66	
0.62	0.52	  -	0.9	0.29	
0.068	0.67	0.9	  -	0.94	
0.9	0.66	0.29	0.94	  -	

