entries are in the following order:
dS
omega
body_mass
brain_mass
GI

covariances

  0.631	 0.0351	 -0.828	 -0.814	-0.0991	
 0.0351	 0.0299	 -0.218	  -0.18	-0.0236	
 -0.828	 -0.218	   8.86	   5.92	  0.735	
 -0.814	  -0.18	   5.92	   4.91	  0.681	
-0.0991	-0.0236	  0.735	  0.681	  0.145	

correlation coefficients

      1	  0.284	 -0.355	 -0.474	 -0.341	
  0.284	      1	 -0.418	 -0.465	 -0.362	
 -0.355	 -0.418	      1	  0.894	  0.641	
 -0.474	 -0.465	  0.894	      1	  0.801	
 -0.341	 -0.362	  0.641	  0.801	      1	

posterior probs

  -	0.74	0.12	0.062	0.13	
0.74	  -	0.22	0.21	0.23	
0.12	0.22	  -	  1	  1	
0.062	0.21	  1	  -	  1	
0.13	0.23	  1	  1	  -	

precisions

   14.6	  -27.4	 -0.986	   2.91	  -1.56	
  -27.4	1.88e+03	   5.81	   26.7	   13.1	
 -0.986	   5.81	   1.66	  -1.85	   1.56	
   2.91	   26.7	  -1.85	    6.3	  -7.47	
  -1.56	   13.1	   1.56	  -7.47	   47.1	

partial correlation coefficients

     -1	  0.164	  0.189	  -0.28	  0.105	
  0.164	     -1	-0.0758	 -0.247	-0.00888	
  0.189	-0.0758	     -1	  0.637	 -0.214	
  -0.28	 -0.247	  0.637	     -1	  0.504	
  0.105	-0.00888	 -0.214	  0.504	     -1	

posterior probs

  -	0.63	0.7	0.22	0.63	
0.63	  -	0.44	0.28	0.5	
0.7	0.44	  -	0.96	0.21	
0.22	0.28	0.96	  -	0.94	
0.63	0.5	0.21	0.94	  -	

