entries are in the following order:
dS
omega
body_mass
brain_mass
GI

covariances

  0.702	-0.0746	  -1.29	  -1.32	 -0.153	
-0.0746	 0.0377	  0.205	  0.214	 0.0358	
  -1.29	  0.205	     11	   7.13	   0.92	
  -1.32	  0.214	   7.13	   5.95	  0.804	
 -0.153	 0.0358	   0.92	  0.804	  0.166	

correlation coefficients

      1	 -0.472	 -0.479	 -0.664	 -0.463	
 -0.472	      1	  0.394	   0.52	  0.507	
 -0.479	  0.394	      1	   0.88	  0.674	
 -0.664	   0.52	   0.88	      1	  0.804	
 -0.463	  0.507	  0.674	  0.804	      1	

posterior probs

  -	0.15	0.041	0.0042	0.03	
0.15	  -	0.78	0.83	0.86	
0.041	0.78	  -	  1	  1	
0.0042	0.83	  1	  -	  1	
0.03	0.86	  1	  1	  -	

precisions

   18.6	   36.7	 -0.787	   4.15	  -6.86	
   36.7	1.64e+03	  0.614	  -24.5	  -79.3	
 -0.787	  0.614	   1.26	  -1.64	  0.652	
   4.15	  -24.5	  -1.64	   5.65	  -6.14	
  -6.86	  -79.3	  0.652	  -6.14	   51.9	

partial correlation coefficients

     -1	  -0.24	  0.218	 -0.427	  0.252	
  -0.24	     -1	 -0.078	   0.22	  0.287	
  0.218	 -0.078	     -1	  0.639	  -0.11	
 -0.427	   0.22	  0.639	     -1	  0.424	
  0.252	  0.287	  -0.11	  0.424	     -1	

posterior probs

  -	0.31	0.72	0.12	0.77	
0.31	  -	0.43	0.7	0.73	
0.72	0.43	  -	0.96	0.35	
0.12	0.7	0.96	  -	0.9	
0.77	0.73	0.35	0.9	  -	

