entries are in the following order:
dS
omega
body_mass
brain_mass
GI

covariances

   1.12	  0.469	  -3.48	  -2.24	 -0.267	
  0.469	  0.461	  -1.47	 -0.725	 -0.093	
  -3.48	  -1.47	   16.2	   9.93	   1.29	
  -2.24	 -0.725	   9.93	    7.2	  0.996	
 -0.267	 -0.093	   1.29	  0.996	   0.19	

correlation coefficients

      1	 -0.211	  -0.72	 -0.772	 -0.498	
 -0.211	      1	  0.206	  0.245	  0.216	
  -0.72	  0.206	      1	    0.9	  0.685	
 -0.772	  0.245	    0.9	      1	  0.823	
 -0.498	  0.216	  0.685	  0.823	      1	

posterior probs

  -	0.36	0.0086	0.0047	0.06	
0.36	  -	0.64	0.65	0.65	
0.0086	0.64	  -	  1	  1	
0.0047	0.65	  1	  -	  1	
0.06	0.65	  1	  1	  -	

precisions

    124	   31.2	   2.62	   20.9	  -17.1	
   31.2	2.13e+03	  -1.02	  -19.4	  -42.1	
   2.62	  -1.02	   2.29	  -1.54	   1.05	
   20.9	  -19.4	  -1.54	   11.3	  -13.2	
  -17.1	  -42.1	   1.05	  -13.2	   77.9	

partial correlation coefficients

     -1	-0.0865	-0.0228	 -0.501	  0.309	
-0.0865	     -1	-0.0216	  0.139	  0.107	
-0.0228	-0.0216	     -1	  0.448	 -0.128	
 -0.501	  0.139	  0.448	     -1	  0.524	
  0.309	  0.107	 -0.128	  0.524	     -1	

posterior probs

  -	0.43	0.49	0.091	0.78	
0.43	  -	0.49	0.62	0.59	
0.49	0.49	  -	0.88	0.34	
0.091	0.62	0.88	  -	0.92	
0.78	0.59	0.34	0.92	  -	

