entries are in the following order:
dS
omega
body_mass
brain_mass
GI

covariances

  0.127	 0.0747	 -0.537	 -0.484	-0.0831	
 0.0747	   3.83	 -0.397	 -0.493	 -0.121	
 -0.537	 -0.397	   9.14	   6.15	  0.814	
 -0.484	 -0.493	   6.15	   4.89	  0.693	
-0.0831	 -0.121	  0.814	  0.693	  0.144	

correlation coefficients

      1	  0.184	 -0.568	 -0.686	 -0.683	
  0.184	      1	 -0.126	 -0.167	 -0.197	
 -0.568	 -0.126	      1	  0.917	  0.704	
 -0.686	 -0.167	  0.917	      1	  0.823	
 -0.683	 -0.197	  0.704	  0.823	      1	

posterior probs

  -	0.62	0.12	0.071	0.051	
0.62	  -	0.41	0.39	0.37	
0.12	0.41	  -	  1	  1	
0.071	0.39	  1	  -	  1	
0.051	0.37	  1	  1	  -	

precisions

    993	    -51	  0.543	   38.1	   97.2	
    -51	1.63e+03	-0.0446	   6.59	   32.2	
  0.543	-0.0446	   3.13	  -2.47	  -0.62	
   38.1	   6.59	  -2.47	   12.7	  -3.25	
   97.2	   32.2	  -0.62	  -3.25	    146	

partial correlation coefficients

     -1	  0.067	 0.0955	 -0.365	 -0.246	
  0.067	     -1	 0.0445	-0.0525	 -0.105	
 0.0955	 0.0445	     -1	  0.511	 -0.034	
 -0.365	-0.0525	  0.511	     -1	  0.195	
 -0.246	 -0.105	 -0.034	  0.195	     -1	

posterior probs

  -	0.56	0.59	0.19	0.3	
0.56	  -	0.54	0.45	0.42	
0.59	0.54	  -	0.89	0.44	
0.19	0.45	0.89	  -	0.7	
0.3	0.42	0.44	0.7	  -	

