entries are in the following order:
dS
omega
body_mass
brain_mass
GI

covariances

   1.15	  0.721	  -1.72	  -1.65	 -0.229	
  0.721	   1.45	  -2.52	  -2.05	 -0.308	
  -1.72	  -2.52	   8.52	   5.76	  0.765	
  -1.65	  -2.05	   5.76	    4.8	    0.7	
 -0.229	 -0.308	  0.765	    0.7	   0.15	

correlation coefficients

      1	  0.645	 -0.577	 -0.733	 -0.572	
  0.645	      1	 -0.776	 -0.839	 -0.707	
 -0.577	 -0.776	      1	  0.898	  0.671	
 -0.733	 -0.839	  0.898	      1	  0.821	
 -0.572	 -0.707	  0.671	  0.821	      1	

posterior probs

  -	0.95	0.02	0.0016	0.01	
0.95	  -	0.043	0.043	0.045	
0.02	0.043	  -	  1	  1	
0.0016	0.043	  1	  -	  1	
0.01	0.045	  1	  1	  -	

precisions

   72.7	  -30.5	  -1.35	   12.9	  -7.54	
  -30.5	    467	   9.65	   40.9	   28.4	
  -1.35	   9.65	   3.66	  -1.69	   3.18	
   12.9	   40.9	  -1.69	   26.9	  -7.22	
  -7.54	   28.4	   3.18	  -7.22	   76.9	

partial correlation coefficients

     -1	  0.245	  0.274	 -0.335	  0.197	
  0.245	     -1	 -0.267	 -0.418	 -0.202	
  0.274	 -0.267	     -1	  0.405	 -0.252	
 -0.335	 -0.418	  0.405	     -1	  0.332	
  0.197	 -0.202	 -0.252	  0.332	     -1	

posterior probs

  -	0.69	0.76	0.2	0.7	
0.69	  -	0.29	0.17	0.34	
0.76	0.29	  -	0.83	0.21	
0.2	0.17	0.83	  -	0.8	
0.7	0.34	0.21	0.8	  -	

