entries are in the following order:
dS
omega
body_mass
brain_mass
GI

covariances

   1.72	 -0.114	  -2.67	  -2.36	 -0.252	
 -0.114	  0.101	  0.241	  0.203	 0.0275	
  -2.67	  0.241	   10.1	   6.76	  0.794	
  -2.36	  0.203	   6.76	   5.51	   0.74	
 -0.252	 0.0275	  0.794	   0.74	  0.155	

correlation coefficients

      1	 -0.286	 -0.645	 -0.775	 -0.493	
 -0.286	      1	   0.28	  0.312	  0.243	
 -0.645	   0.28	      1	  0.902	  0.629	
 -0.775	  0.312	  0.902	      1	  0.797	
 -0.493	  0.243	  0.629	  0.797	      1	

posterior probs

  -	0.3	0.0044	0.00048	0.016	
0.3	  -	0.69	0.7	0.69	
0.0044	0.69	  -	  1	  1	
0.00048	0.7	  1	  -	  1	
0.016	0.69	  1	  1	  -	

precisions

   11.9	   14.3	  -1.07	   6.31	  -9.37	
   14.3	1.94e+03	  -3.85	  -19.2	  -13.3	
  -1.07	  -3.85	   1.91	   -2.7	   3.59	
   6.31	  -19.2	   -2.7	   11.1	  -15.9	
  -9.37	  -13.3	   3.59	  -15.9	   68.8	

partial correlation coefficients

     -1	 -0.122	  0.285	 -0.562	  0.381	
 -0.122	     -1	 0.0495	  0.112	 0.0343	
  0.285	 0.0495	     -1	  0.646	 -0.346	
 -0.562	  0.112	  0.646	     -1	  0.622	
  0.381	 0.0343	 -0.346	  0.622	     -1	

posterior probs

  -	0.4	0.78	0.055	0.87	
0.4	  -	0.54	0.6	0.53	
0.78	0.54	  -	0.96	0.14	
0.055	0.6	0.96	  -	0.96	
0.87	0.53	0.14	0.96	  -	

