entries are in the following order:
dS
omega
body_mass
brain_mass
GI

covariances

   3.64	-0.0262	  -1.78	  -1.93	 -0.207	
-0.0262	 0.0476	  0.182	 0.0791	0.00178	
  -1.78	  0.182	   8.25	   5.47	  0.709	
  -1.93	 0.0791	   5.47	   4.95	  0.784	
 -0.207	0.00178	  0.709	  0.784	  0.188	

correlation coefficients

      1	-0.0701	 -0.329	 -0.457	  -0.25	
-0.0701	      1	   0.33	  0.236	   0.11	
 -0.329	   0.33	      1	  0.853	  0.564	
 -0.457	  0.236	  0.853	      1	  0.808	
  -0.25	   0.11	  0.564	  0.808	      1	

posterior probs

  -	0.42	0.082	0.018	0.14	
0.42	  -	0.73	0.66	0.58	
0.082	0.73	  -	  1	  1	
0.018	0.66	  1	  -	  1	
0.14	0.58	  1	  1	  -	

precisions

   1.01	  -2.73	 -0.184	  0.742	  -1.69	
  -2.73	1.81e+03	  -13.9	  -5.21	   5.32	
 -0.184	  -13.9	   1.68	  -1.67	   1.53	
  0.742	  -5.21	  -1.67	   4.52	   -8.4	
  -1.69	   5.32	   1.53	   -8.4	   43.8	

partial correlation coefficients

     -1	 0.0558	  0.179	 -0.376	  0.271	
 0.0558	     -1	  0.319	0.00693	-0.0779	
  0.179	  0.319	     -1	  0.658	 -0.275	
 -0.376	0.00693	  0.658	     -1	  0.641	
  0.271	-0.0779	 -0.275	  0.641	     -1	

posterior probs

  -	0.55	0.71	0.11	0.82	
0.55	  -	0.75	0.5	0.43	
0.71	0.75	  -	0.97	0.2	
0.11	0.5	0.97	  -	0.98	
0.82	0.43	0.2	0.98	  -	

