entries are in the following order:
dS
omega
body_mass
brain_mass
GI

covariances

  0.783	-0.0918	 -0.718	 -0.874	-0.0625	
-0.0918	 0.0427	  0.195	  0.204	 0.0233	
 -0.718	  0.195	   8.93	   5.82	  0.743	
 -0.874	  0.204	   5.82	   4.97	  0.685	
-0.0625	 0.0233	  0.743	  0.685	  0.145	

correlation coefficients

      1	 -0.464	 -0.274	 -0.448	 -0.189	
 -0.464	      1	  0.325	  0.447	  0.309	
 -0.274	  0.325	      1	   0.87	  0.646	
 -0.448	  0.447	   0.87	      1	  0.801	
 -0.189	  0.309	  0.646	  0.801	      1	

posterior probs

  -	0.15	0.14	0.032	0.22	
0.15	  -	0.75	0.81	0.77	
0.14	0.75	  -	  1	  1	
0.032	0.81	  1	  -	  1	
0.22	0.77	  1	  1	  -	

precisions

     14	   47.5	 -0.871	   1.89	   -7.4	
   47.5	1.59e+03	   1.36	  -24.9	  -8.01	
 -0.871	   1.36	   1.42	  -2.02	   2.31	
   1.89	  -24.9	  -2.02	   6.19	  -10.9	
   -7.4	  -8.01	   2.31	  -10.9	   53.4	

partial correlation coefficients

     -1	 -0.356	  0.236	 -0.306	  0.311	
 -0.356	     -1	-0.0638	  0.276	0.00518	
  0.236	-0.0638	     -1	  0.676	 -0.248	
 -0.306	  0.276	  0.676	     -1	  0.602	
  0.311	0.00518	 -0.248	  0.602	     -1	

posterior probs

  -	0.23	0.74	0.21	0.82	
0.23	  -	0.44	0.75	0.5	
0.74	0.44	  -	0.97	0.2	
0.21	0.75	0.97	  -	0.97	
0.82	0.5	0.2	0.97	  -	

