entries are in the following order:
dS
omega
body_mass
brain_mass
GI

covariances

  0.104	 0.0176	 -0.485	 -0.393	-0.0596	
 0.0176	  0.065	 -0.407	 -0.297	-0.0443	
 -0.485	 -0.407	   8.95	   6.06	  0.822	
 -0.393	 -0.297	   6.06	   5.04	   0.73	
-0.0596	-0.0443	  0.822	   0.73	  0.151	

correlation coefficients

      1	   0.35	 -0.592	 -0.646	 -0.578	
   0.35	      1	 -0.548	 -0.546	 -0.479	
 -0.592	 -0.548	      1	  0.899	    0.7	
 -0.646	 -0.546	  0.899	      1	  0.831	
 -0.578	 -0.479	    0.7	  0.831	      1	

posterior probs

  -	0.73	0.11	0.098	0.1	
0.73	  -	0.16	0.17	0.18	
0.11	0.16	  -	  1	  1	
0.098	0.17	  1	  -	  1	
0.1	0.18	  1	  1	  -	

precisions

1.26e+03	   -105	   8.05	   28.6	   58.2	
   -105	1.63e+03	   16.2	   17.4	   57.8	
   8.05	   16.2	   2.91	  -1.31	   1.01	
   28.6	   17.4	  -1.31	   7.68	   -5.2	
   58.2	   57.8	   1.01	   -5.2	   91.8	

partial correlation coefficients

     -1	 0.0753	-0.0905	 -0.275	 -0.136	
 0.0753	     -1	 -0.249	 -0.125	 -0.127	
-0.0905	 -0.249	     -1	  0.407	 -0.114	
 -0.275	 -0.125	  0.407	     -1	  0.323	
 -0.136	 -0.127	 -0.114	  0.323	     -1	

posterior probs

  -	0.57	0.43	0.27	0.39	
0.57	  -	0.3	0.4	0.4	
0.43	0.3	  -	0.84	0.36	
0.27	0.4	0.84	  -	0.8	
0.39	0.4	0.36	0.8	  -	

