entries are in the following order:
dS
omega
body_mass
brain_mass
GI

covariances

  0.349	 0.0685	  -1.61	  -1.27	 -0.175	
 0.0685	 0.0861	 -0.405	 -0.313	-0.0416	
  -1.61	 -0.405	   10.4	   7.21	   0.95	
  -1.27	 -0.313	   7.21	   5.92	  0.837	
 -0.175	-0.0416	   0.95	  0.837	  0.169	

correlation coefficients

      1	  0.363	 -0.881	 -0.927	 -0.758	
  0.363	      1	 -0.355	 -0.366	 -0.286	
 -0.881	 -0.355	      1	  0.915	  0.711	
 -0.927	 -0.366	  0.915	      1	  0.833	
 -0.758	 -0.286	  0.711	  0.833	      1	

posterior probs

  -	0.7	0.00067	0.00026	0.0015	
0.7	  -	0.3	0.3	0.31	
0.00067	0.3	  -	  1	  1	
0.00026	0.3	  1	  -	  1	
0.0015	0.31	  1	  1	  -	

precisions

    513	   -115	   12.8	   60.7	   14.2	
   -115	1.99e+03	   8.18	   27.6	  -3.19	
   12.8	   8.18	   3.96	 -0.755	    1.2	
   60.7	   27.6	 -0.755	     21	  -7.71	
   14.2	  -3.19	    1.2	  -7.71	   73.2	

partial correlation coefficients

     -1	  0.132	 -0.199	 -0.512	-0.0127	
  0.132	     -1	-0.0824	 -0.128	 0.0275	
 -0.199	-0.0824	     -1	  0.223	 -0.126	
 -0.512	 -0.128	  0.223	     -1	  0.301	
-0.0127	 0.0275	 -0.126	  0.301	     -1	

posterior probs

  -	0.61	0.34	0.11	0.49	
0.61	  -	0.43	0.39	0.52	
0.34	0.43	  -	0.7	0.34	
0.11	0.39	0.7	  -	0.77	
0.49	0.52	0.34	0.77	  -	

