entries are in the following order:
dS
omega
body_mass
brain_mass
GI

covariances

   1.76	 -0.032	  -1.82	  -1.53	 -0.152	
 -0.032	 0.0186	  0.133	  0.112	 0.0194	
  -1.82	  0.133	   8.13	    5.6	  0.748	
  -1.53	  0.112	    5.6	   4.79	  0.697	
 -0.152	 0.0194	  0.748	  0.697	  0.147	

correlation coefficients

      1	 -0.156	 -0.484	  -0.53	 -0.299	
 -0.156	      1	  0.326	  0.358	  0.353	
 -0.484	  0.326	      1	  0.894	  0.678	
  -0.53	  0.358	  0.894	      1	  0.826	
 -0.299	  0.353	  0.678	  0.826	      1	

posterior probs

  -	0.35	0.012	0.0065	0.083	
0.35	  -	0.71	0.72	0.74	
0.012	0.71	  -	  1	  1	
0.0065	0.72	  1	  -	  1	
0.083	0.74	  1	  1	  -	

precisions

   2.35	   -1.7	-0.0857	  0.913	  -2.19	
   -1.7	2.13e+03	  -5.93	  -15.4	  -68.2	
-0.0857	  -5.93	   1.41	   -1.4	   1.38	
  0.913	  -15.4	   -1.4	   4.76	  -7.78	
  -2.19	  -68.2	   1.38	  -7.78	   60.1	

partial correlation coefficients

     -1	 0.0219	 0.0508	 -0.303	  0.231	
 0.0219	     -1	   0.09	  0.127	  0.182	
 0.0508	   0.09	     -1	  0.605	 -0.186	
 -0.303	  0.127	  0.605	     -1	  0.538	
  0.231	  0.182	 -0.186	  0.538	     -1	

posterior probs

  -	0.52	0.57	0.16	0.78	
0.52	  -	0.58	0.61	0.65	
0.57	0.58	  -	0.96	0.24	
0.16	0.61	0.96	  -	0.94	
0.78	0.65	0.24	0.94	  -	

