entries are in the following order:
dS
omega
body_mass
brain_mass
GI

covariances

  0.768	-0.0595	 -0.591	 -0.763	-0.0811	
-0.0595	 0.0728	  0.432	   0.31	 0.0336	
 -0.591	  0.432	   8.87	   6.03	  0.714	
 -0.763	   0.31	   6.03	   5.01	   0.69	
-0.0811	 0.0336	  0.714	   0.69	  0.148	

correlation coefficients

      1	 -0.245	 -0.226	 -0.399	 -0.251	
 -0.245	      1	  0.572	  0.564	  0.387	
 -0.226	  0.572	      1	  0.902	  0.617	
 -0.399	  0.564	  0.902	      1	  0.796	
 -0.251	  0.387	  0.617	  0.796	      1	

posterior probs

  -	0.26	0.2	0.06	0.15	
0.26	  -	0.85	0.85	0.8	
0.2	0.85	  -	  1	  1	
0.06	0.85	  1	  -	  1	
0.15	0.8	  1	  1	  -	

precisions

   8.36	   7.97	  -1.87	   3.55	  -5.24	
   7.97	1.71e+03	  -19.8	  -31.1	   1.58	
  -1.87	  -19.8	   3.23	  -2.79	   2.97	
   3.55	  -31.1	  -2.79	   9.03	  -12.6	
  -5.24	   1.58	   2.97	  -12.6	   58.4	

partial correlation coefficients

     -1	-0.0787	  0.362	 -0.413	  0.247	
-0.0787	     -1	  0.287	  0.227	-0.0582	
  0.362	  0.287	     -1	  0.621	 -0.303	
 -0.413	  0.227	  0.621	     -1	  0.592	
  0.247	-0.0582	 -0.303	  0.592	     -1	

posterior probs

  -	0.43	0.84	0.12	0.78	
0.43	  -	0.73	0.7	0.45	
0.84	0.73	  -	0.95	0.18	
0.12	0.7	0.95	  -	0.96	
0.78	0.45	0.18	0.96	  -	

