entries are in the following order:
dS
omega
body_mass
brain_mass
GI

covariances

  0.838	 -0.339	  -2.24	  -1.75	 -0.224	
 -0.339	  0.313	   1.04	  0.898	  0.136	
  -2.24	   1.04	   10.2	    6.8	   0.93	
  -1.75	  0.898	    6.8	    5.5	  0.801	
 -0.224	  0.136	   0.93	  0.801	  0.167	

correlation coefficients

      1	 -0.728	 -0.771	  -0.82	 -0.594	
 -0.728	      1	  0.685	  0.786	  0.679	
 -0.771	  0.685	      1	  0.906	  0.705	
  -0.82	  0.786	  0.906	      1	   0.83	
 -0.594	  0.679	  0.705	   0.83	      1	

posterior probs

  -	0.033	0.00087	0.00014	0.0071	
0.033	  -	0.95	0.97	0.97	
0.00087	0.95	  -	  1	  1	
0.00014	0.97	  1	  -	  1	
0.0071	0.97	  1	  1	  -	

precisions

   68.2	   60.7	   1.31	   13.2	  -13.8	
   60.7	    720	  -2.31	  -39.3	  -41.8	
   1.31	  -2.31	   1.72	  -1.53	  0.857	
   13.2	  -39.3	  -1.53	   14.9	   -9.8	
  -13.8	  -41.8	  0.857	   -9.8	   63.3	

partial correlation coefficients

     -1	 -0.315	-0.0889	 -0.305	  0.278	
 -0.315	     -1	-0.0761	  0.393	  0.169	
-0.0889	-0.0761	     -1	  0.462	 -0.113	
 -0.305	  0.393	  0.462	     -1	  0.433	
  0.278	  0.169	 -0.113	  0.433	     -1	

posterior probs

  -	0.25	0.41	0.21	0.78	
0.25	  -	0.42	0.83	0.64	
0.41	0.42	  -	0.88	0.34	
0.21	0.83	0.88	  -	0.88	
0.78	0.64	0.34	0.88	  -	

