entries are in the following order:
dS
omega
body_mass
brain_mass
GI

covariances

  0.654	-0.0196	  -1.37	  -1.02	-0.0812	
-0.0196	 0.0164	 0.0965	 0.0796	 0.0127	
  -1.37	 0.0965	   9.46	   6.34	   0.83	
  -1.02	 0.0796	   6.34	   5.24	  0.751	
-0.0812	 0.0127	   0.83	  0.751	  0.162	

correlation coefficients

      1	 -0.139	 -0.569	 -0.583	 -0.273	
 -0.139	      1	  0.185	  0.209	  0.201	
 -0.569	  0.185	      1	  0.897	  0.664	
 -0.583	  0.209	  0.897	      1	  0.811	
 -0.273	  0.201	  0.664	  0.811	      1	

posterior probs

  -	0.39	0.013	0.01	0.15	
0.39	  -	0.62	0.63	0.64	
0.013	0.62	  -	  1	  1	
0.01	0.63	  1	  -	  1	
0.15	0.64	  1	  1	  -	

precisions

   17.5	   6.99	 0.0629	   3.64	  -10.2	
   6.99	2.3e+03	  -2.24	  -9.18	  -40.9	
 0.0629	  -2.24	   1.37	  -1.33	  0.959	
   3.64	  -9.18	  -1.33	   5.31	  -9.77	
  -10.2	  -40.9	  0.959	  -9.77	   62.4	

partial correlation coefficients

     -1	-0.0426	-0.0151	 -0.356	  0.345	
-0.0426	     -1	 0.0288	 0.0734	  0.106	
-0.0151	 0.0288	     -1	  0.559	 -0.136	
 -0.356	 0.0734	  0.559	     -1	  0.569	
  0.345	  0.106	 -0.136	  0.569	     -1	

posterior probs

  -	0.46	0.48	0.16	0.84	
0.46	  -	0.52	0.56	0.59	
0.48	0.52	  -	0.95	0.32	
0.16	0.56	0.95	  -	0.96	
0.84	0.59	0.32	0.96	  -	

