entries are in the following order:
dS
omega
body_mass
brain_mass
GI

covariances

  0.632	 0.0396	  -1.53	  -1.34	 -0.128	
 0.0396	 0.0469	 -0.388	 -0.261	-0.0379	
  -1.53	 -0.388	     10	   6.65	  0.817	
  -1.34	 -0.261	   6.65	    5.4	  0.722	
 -0.128	-0.0379	  0.817	  0.722	  0.151	

correlation coefficients

      1	  0.314	  -0.61	 -0.731	 -0.421	
  0.314	      1	 -0.618	 -0.588	 -0.522	
  -0.61	 -0.618	      1	  0.901	  0.657	
 -0.731	 -0.588	  0.901	      1	  0.795	
 -0.421	 -0.522	  0.657	  0.795	      1	

posterior probs

  -	0.76	0.0074	0.00076	0.036	
0.76	  -	0.097	0.11	0.11	
0.0074	0.097	  -	  1	  1	
0.00076	0.11	  1	  -	  1	
0.036	0.11	  1	  1	  -	

precisions

   19.4	    7.2	 -0.729	   7.75	  -13.5	
    7.2	1.42e+03	   19.7	   18.8	   67.8	
 -0.729	   19.7	   2.33	  -2.28	   3.38	
   7.75	   18.8	  -2.28	   8.36	    -14	
  -13.5	   67.8	   3.38	    -14	   71.3	

partial correlation coefficients

     -1	-0.0945	  0.166	 -0.589	  0.377	
-0.0945	     -1	 -0.369	-0.0976	 -0.171	
  0.166	 -0.369	     -1	  0.572	 -0.282	
 -0.589	-0.0976	  0.572	     -1	  0.598	
  0.377	 -0.171	 -0.282	  0.598	     -1	

posterior probs

  -	0.41	0.67	0.038	0.86	
0.41	  -	0.2	0.41	0.35	
0.67	0.2	  -	0.95	0.19	
0.038	0.41	0.95	  -	0.96	
0.86	0.35	0.19	0.96	  -	

