entries are in the following order:
dS
omega
body_mass
brain_mass
GI

covariances

   1.48	-0.0955	  -1.67	  -1.82	 -0.221	
-0.0955	  0.105	  0.719	  0.517	 0.0787	
  -1.67	  0.719	   10.2	   6.88	  0.891	
  -1.82	  0.517	   6.88	   5.76	  0.821	
 -0.221	 0.0787	  0.891	  0.821	  0.171	

correlation coefficients

      1	 -0.262	 -0.437	 -0.635	 -0.445	
 -0.262	      1	  0.758	  0.738	  0.657	
 -0.437	  0.758	      1	  0.896	  0.669	
 -0.635	  0.738	  0.896	      1	  0.824	
 -0.445	  0.657	  0.669	  0.824	      1	

posterior probs

  -	0.24	0.038	0.0019	0.023	
0.24	  -	0.96	0.95	0.95	
0.038	0.96	  -	  1	  1	
0.0019	0.95	  1	  -	  1	
0.023	0.95	  1	  1	  -	

precisions

   7.78	    -19	  -0.38	   4.13	  -2.62	
    -19	    801	  -21.7	  -38.3	  -68.6	
  -0.38	  -21.7	   2.84	   -1.7	   3.93	
   4.13	  -38.3	   -1.7	   9.02	  -8.07	
  -2.62	  -68.6	   3.93	  -8.07	   60.7	

partial correlation coefficients

     -1	  0.304	  0.209	 -0.559	    0.2	
  0.304	     -1	  0.395	  0.347	  0.239	
  0.209	  0.395	     -1	  0.483	 -0.352	
 -0.559	  0.347	  0.483	     -1	  0.459	
    0.2	  0.239	 -0.352	  0.459	     -1	

posterior probs

  -	0.74	0.71	0.053	0.72	
0.74	  -	0.81	0.8	0.69	
0.71	0.81	  -	0.88	0.13	
0.053	0.8	0.88	  -	0.89	
0.72	0.69	0.13	0.89	  -	

