entries are in the following order:
dS
omega
body_mass
brain_mass
GI

covariances

  0.959	 0.0233	  -2.51	  -1.69	 -0.144	
 0.0233	 0.0229	 -0.134	 -0.105	-0.0147	
  -2.51	 -0.134	   11.8	    7.8	  0.925	
  -1.69	 -0.105	    7.8	   6.21	  0.798	
 -0.144	-0.0147	  0.925	  0.798	  0.158	

correlation coefficients

      1	  0.156	 -0.745	 -0.695	 -0.373	
  0.156	      1	 -0.224	 -0.245	 -0.219	
 -0.745	 -0.224	      1	  0.907	  0.667	
 -0.695	 -0.245	  0.907	      1	  0.799	
 -0.373	 -0.219	  0.667	  0.799	      1	

posterior probs

  -	0.61	0.0037	0.0054	0.08	
0.61	  -	0.36	0.35	0.34	
0.0037	0.36	  -	  1	  1	
0.0054	0.35	  1	  -	  1	
0.08	0.34	  1	  1	  -	

precisions

   36.1	  -11.4	   4.29	   5.03	  -13.7	
  -11.4	2.24e+03	   2.92	   12.4	   29.3	
   4.29	   2.92	   2.36	 -0.848	  -1.49	
   5.03	   12.4	 -0.848	   5.19	  -9.29	
  -13.7	   29.3	  -1.49	  -9.29	   68.6	

partial correlation coefficients

     -1	 0.0198	 -0.292	 -0.297	  0.337	
 0.0198	     -1	-0.0352	 -0.116	-0.0609	
 -0.292	-0.0352	     -1	   0.41	  0.026	
 -0.297	 -0.116	   0.41	     -1	  0.526	
  0.337	-0.0609	  0.026	  0.526	     -1	

posterior probs

  -	0.52	0.23	0.22	0.82	
0.52	  -	0.47	0.4	0.45	
0.23	0.47	  -	0.87	0.51	
0.22	0.4	0.87	  -	0.94	
0.82	0.45	0.51	0.94	  -	

