entries are in the following order:
dS
omega
body_mass
brain_mass
GI

covariances

   1.04	-0.0265	  -1.99	  -1.53	 -0.143	
-0.0265	 0.0173	 0.0981	 0.0815	 0.0136	
  -1.99	 0.0981	   8.72	   5.85	  0.735	
  -1.53	 0.0815	   5.85	    4.8	  0.674	
 -0.143	 0.0136	  0.735	  0.674	  0.144	

correlation coefficients

      1	 -0.159	 -0.675	 -0.705	 -0.387	
 -0.159	      1	  0.225	  0.252	  0.245	
 -0.675	  0.225	      1	  0.902	  0.651	
 -0.705	  0.252	  0.902	      1	  0.808	
 -0.387	  0.245	  0.651	  0.808	      1	

posterior probs

  -	0.38	0.0019	0.00075	0.054	
0.38	  -	0.64	0.66	0.67	
0.0019	0.64	  -	  1	  1	
0.00075	0.66	  1	  -	  1	
0.054	0.67	  1	  1	  -	

precisions

   14.4	  -1.56	 0.0609	   4.49	  -7.97	
  -1.56	2.3e+03	  -3.79	  -14.1	    -45	
 0.0609	  -3.79	   1.55	  -1.62	   1.53	
   4.49	  -14.1	  -1.62	   6.93	  -11.6	
  -7.97	    -45	   1.53	  -11.6	   68.8	

partial correlation coefficients

     -1	0.00992	 0.0109	 -0.433	  0.342	
0.00992	     -1	 0.0495	  0.101	  0.112	
 0.0109	 0.0495	     -1	  0.558	  -0.19	
 -0.433	  0.101	  0.558	     -1	  0.588	
  0.342	  0.112	  -0.19	  0.588	     -1	

posterior probs

  -	0.51	0.52	0.096	0.85	
0.51	  -	0.54	0.59	0.59	
0.52	0.54	  -	0.95	0.25	
0.096	0.59	0.95	  -	0.96	
0.85	0.59	0.25	0.96	  -	

