entries are in the following order:
dS
omega
body_mass
brain_mass
GI

covariances

   0.34	  -0.12	  -1.52	  -1.28	 -0.188	
  -0.12	 0.0749	   0.62	  0.497	 0.0682	
  -1.52	   0.62	   11.3	   7.52	  0.997	
  -1.28	  0.497	   7.52	   6.08	  0.848	
 -0.188	 0.0682	  0.997	  0.848	   0.17	

correlation coefficients

      1	 -0.764	 -0.792	 -0.911	 -0.795	
 -0.764	      1	   0.71	  0.778	  0.644	
 -0.792	   0.71	      1	  0.907	  0.714	
 -0.911	  0.778	  0.907	      1	  0.829	
 -0.795	  0.644	  0.714	  0.829	      1	

posterior probs

  -	0.062	0.0044	0.00067	0.00047	
0.062	  -	0.93	0.94	0.93	
0.0044	0.93	  -	  1	  1	
0.00067	0.94	  1	  -	  1	
0.00047	0.93	  1	  1	  -	

precisions

    391	    201	 -0.668	   61.3	   30.3	
    201	1.76e+03	  -7.52	  -56.5	  -1.35	
 -0.668	  -7.52	   1.98	   -1.9	  0.691	
   61.3	  -56.5	   -1.9	   23.5	  -4.38	
   30.3	  -1.35	  0.691	  -4.38	   65.8	

partial correlation coefficients

     -1	 -0.286	  0.111	 -0.527	 -0.152	
 -0.286	     -1	 0.0972	  0.281	-0.0355	
  0.111	 0.0972	     -1	  0.383	-0.0857	
 -0.527	  0.281	  0.383	     -1	  0.183	
 -0.152	-0.0355	-0.0857	  0.183	     -1	

posterior probs

  -	0.26	0.61	0.099	0.36	
0.26	  -	0.58	0.74	0.47	
0.61	0.58	  -	0.81	0.39	
0.099	0.74	0.81	  -	0.68	
0.36	0.47	0.39	0.68	  -	

