entries are in the following order:
dS
omega
body_mass
brain_mass
GI

covariances

     14	  -1.49	  -2.32	  -3.22	 -0.648	
  -1.49	  0.409	  0.164	  0.294	 0.0657	
  -2.32	  0.164	   11.2	   7.64	   1.05	
  -3.22	  0.294	   7.64	   6.34	   0.92	
 -0.648	 0.0657	   1.05	   0.92	  0.187	

correlation coefficients

      1	 -0.554	 -0.186	 -0.339	 -0.398	
 -0.554	      1	   0.12	  0.213	  0.258	
 -0.186	   0.12	      1	  0.906	  0.715	
 -0.339	  0.213	  0.906	      1	  0.839	
 -0.398	  0.258	  0.715	  0.839	      1	

posterior probs

  -	0.15	0.25	0.095	0.067	
0.15	  -	0.6	0.69	0.74	
0.25	0.6	  -	  1	  1	
0.095	0.69	  1	  -	  1	
0.067	0.74	  1	  1	  -	

precisions

   3.17	     17	 -0.112	   0.26	  0.427	
     17	1.14e+03	 -0.563	  -2.54	    -13	
 -0.112	 -0.563	   1.16	  -1.31	  0.504	
   0.26	  -2.54	  -1.31	   3.16	  -5.07	
  0.427	    -13	  0.504	  -5.07	   37.7	

partial correlation coefficients

     -1	 -0.561	  0.144	 -0.148	-0.0684	
 -0.561	     -1	 0.0028	-0.0024	 0.0516	
  0.144	 0.0028	     -1	  0.716	-0.0938	
 -0.148	-0.0024	  0.716	     -1	  0.497	
-0.0684	 0.0516	-0.0938	  0.497	     -1	

posterior probs

  -	0.16	0.66	0.33	0.41	
0.16	  -	0.51	0.49	0.54	
0.66	0.51	  -	0.99	0.34	
0.33	0.49	0.99	  -	0.96	
0.41	0.54	0.34	0.96	  -	

