entries are in the following order:
dS
omega
body_mass
brain_mass
GI

covariances

   0.73	 -0.268	  -1.81	  -1.52	 -0.192	
 -0.268	  0.205	   1.19	  0.846	  0.105	
  -1.81	   1.19	   10.1	   6.76	  0.868	
  -1.52	  0.846	   6.76	   5.59	  0.774	
 -0.192	  0.105	  0.868	  0.774	   0.16	

correlation coefficients

      1	 -0.735	 -0.684	 -0.772	 -0.574	
 -0.735	      1	  0.877	  0.856	  0.646	
 -0.684	  0.877	      1	  0.897	  0.677	
 -0.772	  0.856	  0.897	      1	  0.814	
 -0.574	  0.646	  0.677	  0.814	      1	

posterior probs

  -	0.011	0.0038	0.00045	0.0061	
0.011	  -	  1	  1	0.99	
0.0038	  1	  -	  1	  1	
0.00045	  1	  1	  -	  1	
0.0061	0.99	  1	  1	  -	

precisions

   59.1	   46.5	   1.31	    6.7	  -5.22	
   46.5	    591	  -25.8	  -27.2	  -5.56	
   1.31	  -25.8	    4.3	 -0.841	 0.0881	
    6.7	  -27.2	 -0.841	   7.97	  -7.95	
  -5.22	  -5.56	 0.0881	  -7.95	   43.7	

partial correlation coefficients

     -1	 -0.257	  0.161	 -0.338	  0.143	
 -0.257	     -1	  0.535	  0.265	-0.0482	
  0.161	  0.535	     -1	  0.309	 -0.085	
 -0.338	  0.265	  0.309	     -1	  0.496	
  0.143	-0.0482	 -0.085	  0.496	     -1	

posterior probs

  -	0.29	0.67	0.18	0.66	
0.29	  -	0.89	0.72	0.44	
0.67	0.89	  -	0.78	0.38	
0.18	0.72	0.78	  -	0.93	
0.66	0.44	0.38	0.93	  -	

