entries are in the following order:
dS
omega
body_mass
brain_mass
GI

covariances

   3.65	-0.0328	  -1.81	  -1.94	 -0.207	
-0.0328	 0.0474	  0.191	 0.0881	0.00313	
  -1.81	  0.191	   8.23	   5.46	  0.706	
  -1.94	 0.0881	   5.46	   4.93	   0.78	
 -0.207	0.00313	  0.706	   0.78	  0.187	

correlation coefficients

      1	-0.0909	 -0.334	  -0.46	 -0.251	
-0.0909	      1	  0.356	  0.266	  0.134	
 -0.334	  0.356	      1	  0.854	  0.563	
  -0.46	  0.266	  0.854	      1	  0.808	
 -0.251	  0.134	  0.563	  0.808	      1	

posterior probs

  -	0.4	0.077	0.017	0.14	
0.4	  -	0.75	0.68	0.6	
0.077	0.75	  -	  1	  1	
0.017	0.68	  1	  -	  1	
0.14	0.6	  1	  1	  -	

precisions

   1.04	  -2.11	 -0.183	  0.733	  -1.71	
  -2.11	1.79e+03	  -14.4	  -7.58	   5.62	
 -0.183	  -14.4	   1.72	  -1.67	   1.47	
  0.733	  -7.58	  -1.67	   4.64	  -8.49	
  -1.71	   5.62	   1.47	  -8.49	   43.9	

partial correlation coefficients

     -1	 0.0437	   0.18	  -0.37	  0.271	
 0.0437	     -1	  0.325	 0.0278	-0.0787	
   0.18	  0.325	     -1	  0.651	 -0.271	
  -0.37	 0.0278	  0.651	     -1	   0.64	
  0.271	-0.0787	 -0.271	   0.64	     -1	

posterior probs

  -	0.54	0.71	0.12	0.82	
0.54	  -	0.75	0.52	0.43	
0.71	0.75	  -	0.97	0.2	
0.12	0.52	0.97	  -	0.97	
0.82	0.43	0.2	0.97	  -	

