entries are in the following order:
dS
omega
body_mass
brain_mass
GI

covariances

  0.416	 0.0134	  -1.42	  -1.28	 -0.177	
 0.0134	  0.029	 -0.186	 -0.117	-0.0127	
  -1.42	 -0.186	   10.4	    6.9	  0.889	
  -1.28	 -0.117	    6.9	   5.63	  0.775	
 -0.177	-0.0127	  0.889	  0.775	   0.16	

correlation coefficients

      1	  0.169	  -0.69	 -0.847	 -0.699	
  0.169	      1	 -0.326	 -0.288	 -0.192	
  -0.69	 -0.326	      1	    0.9	  0.682	
 -0.847	 -0.288	    0.9	      1	  0.811	
 -0.699	 -0.192	  0.682	  0.811	      1	

posterior probs

  -	0.62	0.0065	0.00017	0.0021	
0.62	  -	0.29	0.31	0.34	
0.0065	0.29	  -	  1	  1	
0.00017	0.31	  1	  -	  1	
0.0021	0.34	  1	  1	  -	

precisions

    112	   2.13	  -1.76	   27.1	   1.01	
   2.13	2.22e+03	   12.5	   13.9	    -12	
  -1.76	   12.5	   2.12	  -2.44	  0.786	
   27.1	   13.9	  -2.44	   12.2	  -7.15	
   1.01	    -12	  0.786	  -7.15	   48.2	

partial correlation coefficients

     -1	-0.0603	  0.196	 -0.635	 0.0271	
-0.0603	     -1	 -0.193	 -0.101	 0.0622	
  0.196	 -0.193	     -1	  0.551	 -0.115	
 -0.635	 -0.101	  0.551	     -1	  0.359	
 0.0271	 0.0622	 -0.115	  0.359	     -1	

posterior probs

  -	0.45	0.69	0.033	0.53	
0.45	  -	0.34	0.4	0.55	
0.69	0.34	  -	0.92	0.34	
0.033	0.4	0.92	  -	0.85	
0.53	0.55	0.34	0.85	  -	

