entries are in the following order:
dS
omega
body_mass
brain_mass
GI

covariances

   1.76	-0.0309	  -1.82	  -1.53	 -0.151	
-0.0309	 0.0189	   0.13	   0.11	 0.0192	
  -1.82	   0.13	   8.13	   5.59	  0.748	
  -1.53	   0.11	   5.59	   4.78	  0.697	
 -0.151	 0.0192	  0.748	  0.697	  0.147	

correlation coefficients

      1	 -0.144	 -0.484	 -0.531	 -0.298	
 -0.144	      1	  0.314	  0.345	  0.345	
 -0.484	  0.314	      1	  0.894	  0.678	
 -0.531	  0.345	  0.894	      1	  0.826	
 -0.298	  0.345	  0.678	  0.826	      1	

posterior probs

  -	0.35	0.011	0.006	0.084	
0.35	  -	0.71	0.71	0.73	
0.011	0.71	  -	  1	  1	
0.006	0.71	  1	  -	  1	
0.084	0.73	  1	  1	  -	

precisions

   2.31	  -2.55	 -0.093	  0.933	  -2.23	
  -2.55	2.09e+03	  -5.92	  -14.7	  -67.9	
 -0.093	  -5.92	   1.44	  -1.42	    1.4	
  0.933	  -14.7	  -1.42	   4.77	   -7.8	
  -2.23	  -67.9	    1.4	   -7.8	   59.7	

partial correlation coefficients

     -1	 0.0301	 0.0523	 -0.308	  0.233	
 0.0301	     -1	 0.0864	  0.119	  0.184	
 0.0523	 0.0864	     -1	  0.605	 -0.188	
 -0.308	  0.119	  0.605	     -1	  0.539	
  0.233	  0.184	 -0.188	  0.539	     -1	

posterior probs

  -	0.52	0.57	0.16	0.78	
0.52	  -	0.57	0.6	0.65	
0.57	0.57	  -	0.96	0.24	
0.16	0.6	0.96	  -	0.94	
0.78	0.65	0.24	0.94	  -	

