entries are in the following order:
dS
omega
body_mass
brain_mass
GI

covariances

  0.518	-0.0272	 -0.471	 -0.674	-0.0731	
-0.0272	 0.0233	    0.2	  0.163	 0.0237	
 -0.471	    0.2	   8.74	   5.79	  0.722	
 -0.674	  0.163	   5.79	   4.85	  0.655	
-0.0731	 0.0237	  0.722	  0.655	  0.139	

correlation coefficients

      1	 -0.221	 -0.234	 -0.441	 -0.287	
 -0.221	      1	  0.418	  0.461	  0.401	
 -0.234	  0.418	      1	  0.887	  0.649	
 -0.441	  0.461	  0.887	      1	  0.794	
 -0.287	  0.401	  0.649	  0.794	      1	

posterior probs

  -	0.3	0.22	0.058	0.14	
0.3	  -	0.77	0.78	0.79	
0.22	0.77	  -	  1	  1	
0.058	0.78	  1	  -	  1	
0.14	0.79	  1	  1	  -	

precisions

     21	   7.28	  -1.77	   4.27	  -4.98	
   7.28	2.1e+03	  -8.16	  -28.2	    -47	
  -1.77	  -8.16	   1.98	  -2.18	   2.09	
   4.27	  -28.2	  -2.18	   6.86	  -8.01	
  -4.98	    -47	   2.09	  -8.01	   52.9	

partial correlation coefficients

     -1	 -0.039	  0.347	 -0.431	  0.199	
 -0.039	     -1	  0.108	  0.214	  0.125	
  0.347	  0.108	     -1	  0.647	 -0.222	
 -0.431	  0.214	  0.647	     -1	   0.48	
  0.199	  0.125	 -0.222	   0.48	     -1	

posterior probs

  -	0.47	0.83	0.11	0.72	
0.47	  -	0.59	0.69	0.6	
0.83	0.59	  -	0.96	0.22	
0.11	0.69	0.96	  -	0.93	
0.72	0.6	0.22	0.93	  -	

