entries are in the following order:
dS
omega
body_mass
brain_mass
GI

covariances

   2.02	 -0.105	 -0.881	  -1.07	 -0.134	
 -0.105	  0.389	-0.00238	-0.0912	-0.0154	
 -0.881	-0.00238	   11.1	   7.48	  0.948	
  -1.07	-0.0912	   7.48	   6.01	   0.83	
 -0.134	-0.0154	  0.948	   0.83	  0.169	

correlation coefficients

      1	 -0.112	  -0.19	  -0.31	 -0.231	
 -0.112	      1	-0.0518	 -0.108	 -0.103	
  -0.19	-0.0518	      1	  0.912	  0.684	
  -0.31	 -0.108	  0.912	      1	  0.818	
 -0.231	 -0.103	  0.684	  0.818	      1	

posterior probs

  -	0.37	0.23	0.1	0.16	
0.37	  -	0.47	0.41	0.4	
0.23	0.47	  -	  1	  1	
0.1	0.41	  1	  -	  1	
0.16	0.4	  1	  1	  -	

precisions

   1.19	   1.45	 -0.325	  0.764	 -0.901	
   1.45	    311	  0.269	   3.76	    4.1	
 -0.325	  0.269	   1.13	  -1.59	   1.53	
  0.764	   3.76	  -1.59	   3.49	  -6.29	
 -0.901	    4.1	   1.53	  -6.29	   31.1	

partial correlation coefficients

     -1	 -0.171	  0.275	  -0.36	  0.141	
 -0.171	     -1	  0.166	  -0.21	 0.0279	
  0.275	  0.166	     -1	  0.817	 -0.263	
  -0.36	  -0.21	  0.817	     -1	  0.614	
  0.141	 0.0279	 -0.263	  0.614	     -1	

posterior probs

  -	0.31	0.84	0.091	0.71	
0.31	  -	0.7	0.26	0.54	
0.84	0.7	  -	0.99	0.12	
0.091	0.26	0.99	  -	0.99	
0.71	0.54	0.12	0.99	  -	

