entries are in the following order:
dS
omega
body_mass
brain_mass
GI

covariances

  0.445	 0.0297	  -1.42	  -1.26	 -0.178	
 0.0297	 0.0552	 -0.222	 -0.167	-0.0251	
  -1.42	 -0.222	   9.69	   6.56	  0.892	
  -1.26	 -0.167	   6.56	   5.47	   0.79	
 -0.178	-0.0251	  0.892	   0.79	  0.164	

correlation coefficients

      1	  0.198	 -0.711	  -0.84	 -0.687	
  0.198	      1	 -0.258	 -0.259	 -0.228	
 -0.711	 -0.258	      1	  0.897	  0.701	
  -0.84	 -0.259	  0.897	      1	   0.83	
 -0.687	 -0.228	  0.701	   0.83	      1	

posterior probs

  -	0.63	0.011	0.0018	0.0075	
0.63	  -	0.34	0.35	0.35	
0.011	0.34	  -	  1	  1	
0.0018	0.35	  1	  -	  1	
0.0075	0.35	  1	  1	  -	

precisions

    213	  -28.6	 0.0956	   37.7	   3.77	
  -28.6	2.03e+03	   7.61	   15.8	   28.3	
 0.0956	   7.61	    2.4	  -2.07	   1.29	
   37.7	   15.8	  -2.07	   16.8	  -7.31	
   3.77	   28.3	   1.29	  -7.31	   66.8	

partial correlation coefficients

     -1	0.00889	  0.115	 -0.555	 0.0451	
0.00889	     -1	 -0.106	-0.0872	-0.0689	
  0.115	 -0.106	     -1	  0.451	 -0.133	
 -0.555	-0.0872	  0.451	     -1	  0.334	
 0.0451	-0.0689	 -0.133	  0.334	     -1	

posterior probs

  -	0.51	0.61	0.074	0.55	
0.51	  -	0.42	0.42	0.45	
0.61	0.42	  -	0.86	0.33	
0.074	0.42	0.86	  -	0.81	
0.55	0.45	0.33	0.81	  -	

