entries are in the following order:
dS
omega
body_mass
brain_mass
GI

covariances

   2.04	 0.0341	  0.496	-0.0232	-0.0127	
 0.0341	 0.0753	-0.0309	-0.0202	0.00574	
  0.496	-0.0309	    7.8	   5.31	  0.735	
-0.0232	-0.0202	   5.31	   4.42	  0.668	
-0.0127	0.00574	  0.735	  0.668	  0.145	

correlation coefficients

      1	 0.0649	  0.121	-0.0114	-0.0287	
 0.0649	      1	-0.0794	-0.0743	0.00599	
  0.121	-0.0794	      1	  0.902	  0.686	
-0.0114	-0.0743	  0.902	      1	   0.83	
-0.0287	0.00599	  0.686	   0.83	      1	

posterior probs

  -	0.55	0.7	0.47	0.45	
0.55	  -	0.45	0.45	0.51	
0.7	0.45	  -	  1	  1	
0.47	0.45	  1	  -	  1	
0.45	0.51	  1	  1	  -	

precisions

   1.75	  -4.68	 -0.342	  0.395	  0.192	
  -4.68	1.8e+03	   2.61	   7.16	  -29.3	
 -0.342	   2.61	   1.58	  -1.71	   1.19	
  0.395	   7.16	  -1.71	   4.35	  -7.78	
  0.192	  -29.3	   1.19	  -7.78	   50.1	

partial correlation coefficients

     -1	  0.126	  0.248	 -0.181	0.00859	
  0.126	     -1	-0.0547	 -0.101	  0.162	
  0.248	-0.0547	     -1	  0.697	 -0.176	
 -0.181	 -0.101	  0.697	     -1	  0.564	
0.00859	  0.162	 -0.176	  0.564	     -1	

posterior probs

  -	0.6	0.8	0.26	0.52	
0.6	  -	0.45	0.4	0.64	
0.8	0.45	  -	0.98	0.24	
0.26	0.4	0.98	  -	0.97	
0.52	0.64	0.24	0.97	  -	

