entries are in the following order:
dS
omega
body_mass
brain_mass
GI

covariances

  0.837	 -0.328	  -2.24	  -1.75	 -0.222	
 -0.328	  0.294	   1.02	  0.875	  0.132	
  -2.24	   1.02	   10.1	   6.77	  0.924	
  -1.75	  0.875	   6.77	   5.48	  0.798	
 -0.222	  0.132	  0.924	  0.798	  0.166	

correlation coefficients

      1	 -0.729	 -0.772	  -0.82	 -0.592	
 -0.729	      1	  0.693	  0.793	  0.683	
 -0.772	  0.693	      1	  0.906	  0.704	
  -0.82	  0.793	  0.906	      1	   0.83	
 -0.592	  0.683	  0.704	   0.83	      1	

posterior probs

  -	0.032	0.001	0.00027	0.0074	
0.032	  -	0.95	0.97	0.97	
0.001	0.95	  -	  1	  1	
0.00027	0.97	  1	  -	  1	
0.0074	0.97	  1	  1	  -	

precisions

   62.7	   56.6	   1.19	   12.7	  -13.7	
   56.6	    747	  -2.33	  -40.5	  -42.9	
   1.19	  -2.33	   1.67	   -1.5	  0.862	
   12.7	  -40.5	   -1.5	   14.6	  -9.56	
  -13.7	  -42.9	  0.862	  -9.56	   62.4	

partial correlation coefficients

     -1	  -0.31	-0.0853	 -0.305	  0.279	
  -0.31	     -1	-0.0587	  0.395	  0.173	
-0.0853	-0.0587	     -1	  0.457	 -0.116	
 -0.305	  0.395	  0.457	     -1	  0.433	
  0.279	  0.173	 -0.116	  0.433	     -1	

posterior probs

  -	0.25	0.41	0.22	0.78	
0.25	  -	0.44	0.83	0.65	
0.41	0.44	  -	0.88	0.33	
0.22	0.83	0.88	  -	0.88	
0.78	0.65	0.33	0.88	  -	

