entries are in the following order:
dS
omega
body_mass
brain_mass
GI

covariances

   0.42	-0.0266	 -0.876	 -0.942	 -0.143	
-0.0266	  0.021	 0.0362	 0.0458	  0.007	
 -0.876	 0.0362	   10.7	   6.95	  0.919	
 -0.942	 0.0458	   6.95	   5.52	  0.782	
 -0.143	  0.007	  0.919	  0.782	  0.166	

correlation coefficients

      1	 -0.232	 -0.433	 -0.642	 -0.562	
 -0.232	      1	 0.0802	  0.129	  0.116	
 -0.433	 0.0802	      1	  0.902	  0.684	
 -0.642	  0.129	  0.902	      1	  0.813	
 -0.562	  0.116	  0.684	  0.813	      1	

posterior probs

  -	0.34	0.064	0.0066	0.011	
0.34	  -	0.55	0.58	0.58	
0.064	0.55	  -	  1	  1	
0.0066	0.58	  1	  -	  1	
0.011	0.58	  1	  1	  -	

precisions

     38	   38.1	  -2.22	   8.38	  0.336	
   38.1	2.23e+03	  0.998	   -6.3	  -7.21	
  -2.22	  0.998	    1.8	  -2.34	  0.901	
   8.38	   -6.3	  -2.34	   6.67	  -5.88	
  0.336	  -7.21	  0.901	  -5.88	   39.5	

partial correlation coefficients

     -1	 -0.184	  0.339	  -0.49	 0.0104	
 -0.184	     -1	-0.0173	  0.029	 0.0134	
  0.339	-0.0173	     -1	  0.707	 -0.129	
  -0.49	  0.029	  0.707	     -1	  0.411	
 0.0104	 0.0134	 -0.129	  0.411	     -1	

posterior probs

  -	0.35	0.83	0.073	0.51	
0.35	  -	0.48	0.53	0.51	
0.83	0.48	  -	0.98	0.31	
0.073	0.53	0.98	  -	0.91	
0.51	0.51	0.31	0.91	  -	

